1544 0
1544 1
1544 2
1544 3
1544 4
1544 5
1544 6
1544 7
1544 8
1544 9
1544 10
1544 11
1544 12
1544 13
1544 14
1544 15
1544 16
1544 17
1544 18
1544 19
1544 20
1544 21
1544 22
1544 23
1544 24
1544 25
1544 26
1544 27
1544 28
1544 29
1544 30
1544 31
1544 32
1544 33
1544 34
1544 35
1544 36
1544 37
1544 38
1544 39
1544 40
1544 41
1544 42
1544 43
1544 44
1544 45
1544 46
1544 47
1544 48
1544 49
1544 50
1544 51
1544 52
1544 53
1544 54
1544 55
1544 56
1544 57
1544 58
1544 59
1544 60
1544 61
1544 62
1544 63
1544 64
1544 65
1544 66
1544 67
1544 68
1544 69
1544 70
1544 71
1544 72
1544 73
1544 74
1544 75
1544 76
1544 77
1544 78
1544 79
1544 89
1544 90
1544 91
1544 92
1544 93
1544 94
1544 95
1544 96
1544 97
1544 98
1544 99
1544 100
1544 101
1544 102
1544 103
1544 104
1544 105
1544 106
1544 107
1544 108
1544 109
1544 110
1544 111
1544 112
1544 113
1544 114
1544 115
1544 116
1544 117
1544 118
1544 119
1544 120
1544 122
1544 123
1544 124
1544 125
1544 126
1544 127
1544 128
1544 129
1544 130
1544 131
1544 132
1544 133
1544 134
1544 135
1544 136
1544 137
1544 138
1544 139
1544 140
1544 141
1544 142
1544 143
1544 144
1544 145
1544 146
1544 147
1544 148
1544 149
1544 150
1544 151
1544 152
1544 153
1544 154
1544 155
1544 156
1544 157
1544 158
1544 159
1544 160
1544 161
1544 162
1544 163
1544 164
1544 165
1544 166
1544 167
1544 168
1544 169
1544 170
1544 171
1544 172
1544 267
1544 280
1544 282
1544 284
1544 285
1544 286
1544 287
1544 288
1544 289
1544 290
1544 291
1544 293
1544 294
1544 295
1544 297
1544 298
1544 299
1544 300
1544 301
1544 302
1544 303
1544 304
1544 305
1544 306
1544 307
1544 308
1544 309
1544 310
1544 311
1544 312
1544 313
1544 314
1544 317
1544 318
1544 319
1544 320
1544 321
1544 322
1544 323
1544 324
1544 325
1544 326
1544 327
1544 328
1544 329
1544 330
1544 331
1544 332
1544 333
1544 334
1544 336
1544 337
1544 338
1544 339
1544 340
1544 341
1544 346
1544 347
1544 348
1544 349
1544 350
1544 351
1544 352
1544 353
1544 354
1544 355
1544 357
1544 358
1544 359
1544 360
1544 361
1544 362
1544 363
1544 364
1544 365
1544 367
1544 368
1544 369
1544 370
1544 371
1544 372
1544 373
1544 374
1544 375
1544 376
1544 377
1544 378
1544 379
1544 380
1544 381
1544 382
1544 383
1544 384
1544 385
1544 386
1544 387
1544 388
1544 389
1544 390
1544 391
1544 392
1544 393
1544 394
1544 395
1544 396
1544 397
1544 398
1544 399
1544 400
1544 401
1544 402
1544 403
1544 404
1544 405
1544 406
1544 407
1544 408
1544 409
1544 410
1544 411
1544 412
1544 413
1544 414
1544 415
1544 416
1544 417
1544 418
1544 419
1544 420
1544 421
1544 422
1544 423
1544 424
1544 425
1544 426
1544 427
1544 428
1544 429
1544 430
1544 431
1544 432
1544 433
1544 434
1544 435
1544 436
1544 437
1544 438
1544 439
1544 440
1544 441
1544 442
1544 443
1544 444
1544 445
1544 446
1544 447
1544 448
1544 449
1544 450
1544 451
1544 452
1544 453
1544 454
1544 456
1544 457
1544 458
1544 459
1544 460
1544 461
1544 462
1544 463
1544 464
1544 465
1544 466
1544 467
1544 468
1544 469
1544 470
1544 471
1544 472
1544 473
1544 474
1544 475
1544 476
1544 477
1544 478
1544 479
1544 480
1544 481
1544 482
1544 483
1544 484
1544 485
1544 486
1544 487
1544 488
1544 489
1544 490
1544 491
1544 492
1544 493
1544 494
1544 495
1544 496
1544 497
1544 498
1544 499
1544 500
1544 501
1544 502
1544 503
1544 504
1544 505
1544 506
1544 507
1544 508
1544 509
1544 510
1544 511
1544 512
1544 513
1544 514
1544 515
1544 516
1544 517
1544 518
1544 519
1544 520
1544 521
1544 522
1544 523
1544 524
1544 525
1544 526
1544 527
1544 528
1544 529
1544 530
1544 531
1544 532
1544 533
1544 534
1544 535
1544 536
1544 537
1544 538
1544 539
1544 540
1544 541
1544 542
1544 543
1544 544
1544 545
1544 546
1544 547
1544 548
1544 549
1544 550
1544 551
1544 552
1544 553
1544 554
1544 555
1544 556
1544 557
1544 558
1544 559
1544 560
1544 561
1544 562
1544 563
1544 564
1544 565
1544 566
1544 567
1544 568
1544 569
1544 570
1544 571
1544 572
1544 573
1544 574
1544 575
1544 576
1544 577
1544 578
1546 0
1546 1
1546 2
1546 3
1546 4
1546 5
1546 6
1546 7
1546 8
1546 9
1546 10
1546 11
1546 12
1546 13
1546 14
1546 15
1546 16
1546 17
1546 18
1546 19
1546 20
1546 21
1546 22
1546 23
1546 24
1546 25
1546 26
1546 27
1546 28
1546 29
1546 30
1546 31
1546 32
1546 33
1546 34
1546 35
1546 36
1546 37
1546 38
1546 39
1546 40
1546 41
1546 42
1546 43
1546 44
1546 45
1546 46
1546 47
1546 48
1546 49
1546 50
1546 51
1546 52
1546 53
1546 54
1546 55
1546 56
1546 57
1546 58
1546 59
1546 60
1546 61
1546 62
1546 63
1546 64
1546 65
1546 66
1546 67
1546 68
1546 69
1546 70
1546 71
1546 72
1546 73
1546 74
1546 75
1546 76
1546 77
1546 78
1546 79
1546 80
1546 81
1546 82
1546 83
1546 84
1546 85
1546 86
1546 87
1546 88
1546 89
1546 90
1546 91
1546 93
1546 94
1546 95
1546 96
1546 97
1546 98
1546 99
1546 100
1546 101
1546 102
1546 103
1546 104
1546 105
1546 106
1546 107
1546 108
1546 109
1546 110
1546 111
1546 112
1546 113
1546 114
1546 115
1546 116
1546 117
1546 118
1546 119
1546 120
1546 121
1546 122
1546 123
1546 124
1546 125
1546 126
1546 127
1546 128
1546 129
1546 130
1546 131
1546 132
1546 133
1546 134
1616 0
1616 1
1616 2
1616 3
1616 4
1616 5
1616 6
1616 7
1616 8
1616 9
1616 10
1616 11
1616 12
1616 13
1616 14
1616 15
1616 16
1616 17
1616 18
1616 19
1616 20
1616 21
1616 22
1616 23
1616 24
1616 25
1616 26
1616 27
1616 28
1616 29
1616 30
1616 31
1616 32
1616 33
1616 34
1616 35
1616 36
1616 37
1616 38
1616 39
1616 40
1616 41
1616 42
1616 43
1616 44
1616 45
1616 46
1616 47
1616 48
1616 49
1616 50
1616 51
1616 52
1616 53
1616 54
1616 55
1616 56
1616 57
1616 58
1616 59
1616 60
1616 61
1616 62
1616 63
1616 64
1616 65
1616 66
1616 67
1616 68
1616 69
1616 70
1616 71
1616 72
1616 73
1616 74
1616 75
1616 76
1616 77
1616 78
1616 79
1616 80
1616 81
1616 82
1616 83
1616 84
1616 85
1616 86
1616 87
1616 88
1616 89
1616 90
1616 91
1616 92
1616 93
1616 94
1616 95
1616 96
1616 97
1616 98
1616 99
1616 100
1616 101
1616 102
1616 103
1616 104
1616 105
1616 106
1616 107
1616 108
1616 109
1616 110
1616 111
1616 112
1616 113
1616 114
1616 115
1616 116
1616 117
1616 118
1616 119
1616 120
1616 121
1616 122
1616 123
1616 124
1616 125
1616 126
1616 127
1616 128
1616 129
1616 130
1616 131
1616 132
1616 133
1616 134
1616 135
1616 136
1616 137
1616 138
1616 139
1616 140
1616 141
1616 142
1616 143
1616 144
1616 145
1616 146
1616 147
1616 148
1616 149
1616 150
1616 151
1616 152
1616 153
1616 154
1616 155
1616 156
1616 157
1616 158
1616 159
1616 160
1616 161
1616 162
1616 163
1616 164
1616 165
1616 166
1616 167
1616 168
1616 169
1616 170
1616 171
1616 172
1616 173
1616 174
1616 175
1616 176
1616 177
1616 178
1616 179
1616 180
1616 181
1616 182
1616 183
1616 184
1616 185
1616 186
1616 187
1616 188
1616 189
1616 190
1616 191
1616 192
1616 193
1616 194
1616 195
1616 196
1616 197
1616 198
1616 199
1616 200
1616 201
1616 202
1616 203
1616 204
1616 205
1616 206
1616 207
1616 208
1616 209
1616 210
1616 211
1616 212
1616 213
1616 214
1616 215
1616 216
1616 217
1616 218
1616 219
1616 220
1616 221
1616 222
1616 223
1616 224
1616 225
1616 226
1616 227
1616 228
1616 229
1616 230
1616 231
1616 232
1616 233
1616 234
1616 235
1616 236
1616 237
1616 238
1616 239
1616 240
1616 241
1616 242
1616 243
1616 244
1616 245
1616 246
1616 247
1616 248
1616 249
1616 250
1616 251
1616 252
1616 253
1616 254
1616 255
1616 256
1616 257
1616 258
1616 259
1616 260
1616 261
1616 262
1616 263
1616 264
1616 265
1616 266
1616 267
1616 268
1616 269
1616 270
1616 271
1616 272
1616 273
1616 274
1616 275
1616 276
1616 277
1616 278
1616 279
1616 280
1616 281
1616 282
1616 283
1616 284
1616 285
1616 286
1616 287
1616 288
1616 289
1616 290
1616 291
1616 292
1616 293
1616 294
1616 295
1616 296
1616 297
1616 298
1616 299
1616 300
1616 301
1616 302
1616 303
1616 304
1616 305
1616 306
1616 307
1616 308
1616 309
1616 310
1616 311
1616 312
1616 313
1616 314
1616 315
1616 316
1616 317
1616 318
1616 319
1616 320
1616 321
1616 322
1616 323
1616 324
1616 325
1616 326
1616 327
1616 328
1616 329
1616 330
1616 331
1616 332
1616 333
1616 334
1616 335
1616 336
1616 337
1616 338
1616 339
1616 340
1616 341
1616 342
1616 343
1616 344
1616 345
1616 346
1616 347
1616 348
1616 349
1616 350
1616 351
1616 352
1616 353
1616 354
1616 355
1616 356
1616 357
1616 358
1616 359
1616 360
1616 361
1616 362
1616 363
1616 364
1616 365
1616 366
1616 367
1616 368
1616 369
1616 370
1616 371
1616 372
1616 373
1616 374
1616 375
1616 376
1616 377
1616 378
1616 379
1616 380
1616 381
1616 382
1616 383
1616 384
1616 385
1616 386
1616 387
1616 388
1616 389
1616 390
1616 391
1616 392
1616 393
1616 394
1616 395
1616 396
1616 397
1616 398
1616 399
1616 400
1616 401
1616 402
1616 403
1616 404
1616 405
1616 406
1616 407
1616 408
1616 409
1616 410
1616 411
1616 412
1616 413
1616 414
1616 415
1616 416
1616 417
1616 418
1616 419
1616 420
1616 421
1616 422
1616 423
1616 424
1616 425
1616 426
1616 427
1616 428
1616 429
1616 430
1616 431
1616 432
1616 433
1616 434
1616 435
1616 436
1616 437
1616 438
1616 439
1616 440
1616 441
1616 442
1616 443
1616 444
1616 445
1616 446
1616 447
1616 448
1616 449
1616 450
1616 451
1616 452
1616 453
1616 454
1616 455
1616 456
1616 457
1616 458
1616 459
1616 460
1616 461
1616 462
1616 463
1616 464
1616 465
1616 466
1616 467
1616 468
1616 469
1616 470
1616 471
1616 472
1616 473
1616 474
1616 475
1616 476
1616 477
1616 478
1616 479
1616 480
1616 481
1616 482
1616 483
1616 484
1616 485
1616 486
1616 487
1616 488
1616 489
1616 490
1616 491
1616 492
1616 493
1616 494
1616 495
1616 496
1616 497
1616 498
1616 499
1616 500
1616 501
1616 502
1616 503
1616 504
1616 505
1616 506
1616 507
1616 508
1616 509
1616 510
1616 511
1616 512
1616 513
1616 514
1616 515
1616 516
1616 517
1616 518
1616 519
1616 520
1616 522
1616 523
1616 524
1616 525
1616 526
1616 527
1616 528
1616 529
1616 530
1616 531
1616 532
1616 533
1616 534
1616 535
1616 536
1616 537
1616 538
1616 539
1616 540
1616 541
1616 542
1616 543
1616 544
1616 545
1616 546
1616 547
1616 548
1616 549
1616 550
1616 551
1616 552
1616 553
1616 554
1616 555
1616 556
1616 557
1616 558
1616 559
1616 560
1616 561
1616 562
1616 563
1616 564
1616 565
1616 566
1616 567
1616 568
1616 569
1616 570
1616 571
1616 572
1616 573
1616 574
1616 575
1616 576
1616 577
1616 578
1616 579
1616 580
1616 581
1616 582
1616 584
1616 585
1616 586
1616 587
1616 589
1616 590
1616 591
1616 592
1616 593
1616 594
1616 595
1616 596
1616 597
1616 598
1616 599
1616 600
1616 601
1616 602
1616 603
1616 604
1616 605
1616 606
1616 607
1616 608
1616 609
1616 610
1616 611
1616 612
1616 613
1616 614
1616 615
1616 616
1616 617
1616 619
1616 620
1616 621
1616 622
1616 623
1616 624
1616 625
1616 626
1616 627
1616 628
1616 629
1616 630
1616 631
1616 632
1616 633
1616 634
1616 635
1616 636
1616 637
1616 638
1616 639
1616 640
1616 641
1616 642
1616 643
1616 644
1616 645
1616 646
1616 647
1616 648
1616 649
1616 650
1616 651
1616 652
1616 653
1616 654
1616 655
1616 656
1616 657
1616 658
1616 659
1616 660
1616 661
1616 662
1616 663
1616 664
1616 665
1616 666
1616 667
1616 668
1616 669
1616 670
1616 671
1617 0
1617 1
1617 2
1617 3
1617 4
1617 5
1617 6
1617 7
1617 8
1617 9
1617 10
1617 11
1617 12
1617 13
1617 14
1617 15
1617 16
1617 17
1617 18
1617 19
1617 20
1617 21
1617 22
1617 23
1617 24
1617 25
1617 26
1617 27
1617 28
1617 29
1617 30
1617 31
1617 32
1617 33
1617 34
1617 35
1617 36
1617 37
1617 38
1617 39
1617 40
1617 41
1617 42
1617 43
1617 44
1617 45
1617 46
1617 47
1617 48
1617 49
1617 50
1617 51
1617 52
1617 53
1617 54
1617 55
1617 56
1617 57
1617 58
1617 59
1617 60
1617 61
1617 62
1617 63
1617 64
1617 65
1617 66
1617 67
1617 68
1617 69
1617 70
1617 71
1617 72
1617 73
1617 74
1617 75
1617 76
1617 77
1617 78
1617 79
1617 80
1617 81
1617 82
1617 83
1617 84
1617 85
1617 86
1617 87
1617 88
1617 89
1617 90
1617 91
1617 92
1617 93
1617 94
1617 95
1617 96
1617 97
1617 98
1617 99
1617 100
1617 101
1617 102
1617 103
1617 104
1617 105
1617 106
1617 107
1617 108
1617 109
1617 110
1617 111
1617 112
1617 113
1617 114
1617 115
1617 116
1617 117
1617 118
1617 119
1617 120
1617 121
1617 122
1617 123
1617 124
1617 125
1617 126
1617 127
1617 128
1617 129
1617 130
1617 131
1617 132
1617 133
1617 134
1617 135
1617 136
1617 137
1617 138
1617 139
1617 140
1617 141
1617 142
1617 143
1617 144
1617 145
1617 146
1617 147
1617 148
1617 149
1617 150
1617 151
1617 152
1617 153
1617 154
1617 155
1617 156
1617 157
1617 158
1617 159
1617 160
1617 161
1617 162
1617 163
1617 164
1617 165
1617 166
1617 167
1617 168
1617 169
1617 170
1617 171
1617 172
1617 173
1617 174
1617 175
1617 176
1617 177
1617 178
1617 179
1617 180
1617 181
1617 182
1617 183
1617 184
1617 185
1617 186
1617 187
1617 188
1617 189
1617 190
1617 191
1617 192
1617 193
1617 194
1617 195
1617 196
1617 197
1617 198
1617 199
1617 200
1617 201
1617 202
1617 203
1617 204
1617 205
1617 206
1617 207
1617 208
1617 209
1617 210
1617 211
1617 212
1617 213
1617 214
1617 215
1617 216
1617 217
1617 218
1617 219
1617 220
1617 221
1617 222
1617 223
1617 224
1617 225
1617 226
1617 227
1617 228
1617 229
1617 230
1617 231
1617 232
1617 233
1625 0
1625 1
1625 2
1625 3
1625 4
1625 5
1625 6
1625 7
1625 8
1626 0
1626 1
1626 2
1626 3
1626 4
1626 5
1626 6
1626 7
1626 8
1626 9
1626 10
1626 11
1626 12
1626 13
1626 14
1626 15
1626 16
1626 17
1626 18
1626 19
1626 20
1626 21
1626 22
1626 23
1626 24
1626 25
1626 26
1627 0
1627 1
1627 2
1627 3
1627 4
1627 5
1627 6
1627 7
1627 8
1627 9
1627 10
1627 11
1627 12
1627 13
1627 14
1627 15
1627 16
1627 17
1627 18
1627 19
1627 20
1627 21
1627 22
1627 23
1627 24
1627 25
1634 0
1634 1
1634 2
1634 3
1634 4
1634 5
1634 6
1634 7
1634 8
1634 9
1634 10
1634 12
1634 11
1634 13
1634 14
1634 15
1634 16
1634 17
1634 18
1634 19
1634 20
1634 21
1634 22
1634 23
1634 24
1634 25
1634 26
1634 27
1634 28
1634 29
1634 30
1634 31
1634 32
1634 33
1634 34
1634 35
1634 36
1634 37
1634 38
1634 39
1634 40
1634 41
1634 42
1634 43
1634 44
1634 45
1634 46
1634 47
1634 48
1634 49
1634 50
1634 51
1634 52
1634 53
1634 54
1634 55
1634 56
1634 57
1634 58
1634 61
1634 59
1634 60
1634 62
1634 63
1634 64
1634 65
1634 66
1634 67
1634 68
1634 69
1634 70
1634 71
1634 72
1634 73
1634 74
1634 75
1634 76
1634 77
1634 78
1634 79
1634 80
1634 81
1634 82
1634 83
1634 84
1634 85
1634 86
1634 87
1634 88
1634 89
1634 90
1634 91
1634 92
1634 93
1634 94
1634 95
1634 96
1634 97
1634 98
1634 99
1634 100
1634 101
1634 102
1652 0
1652 1
1652 2
1652 3
1652 4
1652 5
1652 6
1652 7
1652 8
1652 9
1652 10
1652 11
1652 12
1652 13
1652 14
1652 15
1652 16
1652 17
1652 18
1652 19
1652 20
1652 21
1652 22
1652 23
1652 24
1652 25
1652 26
1652 27
1652 28
1652 29
1652 30
1652 31
1652 32
1652 33
1652 34
1652 35
1652 36
1652 37
1652 38
1652 39
1652 40
1652 41
1652 42
1652 43
1652 44
1652 45
1652 46
1652 47
1652 48
1652 49
1652 50
1652 51
1652 52
1652 53
1652 54
1652 55
1652 56
1652 57
1652 58
1652 59
1652 60
1652 61
1652 62
1652 63
1652 64
1652 65
1652 66
1652 67
1652 68
1652 69
1652 70
1652 71
1652 72
1652 73
1652 74
1652 75
1652 76
1652 77
1652 78
1652 79
1652 80
1652 81
1652 82
1652 83
1652 84
1652 85
1652 86
1652 87
1652 88
1652 89
1652 90
1652 91
1652 92
1652 93
1652 94
1652 95
1652 96
1652 97
1652 98
1652 99
1652 100
1652 101
1652 102
1652 103
1652 104
1652 105
1652 106
1652 107
1652 108
1652 109
1652 110
1652 111
1652 112
1652 113
1652 114
1652 115
1652 116
1652 117
1652 118
1652 119
1652 120
1652 121
1652 122
1652 123
1652 124
1652 125
1652 126
1652 127
1652 128
1652 129
1652 130
1652 131
1652 132
1652 133
1652 134
1652 135
1652 136
1652 137
1652 138
1652 139
1652 140
1652 141
1652 142
1652 143
1652 144
1652 145
1652 146
1652 147
1652 148
1652 149
1652 150
1652 151
1652 152
1652 153
1652 154
1652 155
1652 156
1652 157
1652 158
1652 159
1652 160
1652 161
1652 162
1652 163
1652 164
1652 165
1652 166
1652 167
1652 168
1652 169
1652 170
1652 171
1652 172
1652 173
1652 174
1652 175
1652 176
1652 177
1652 178
1652 179
1652 180
1652 181
1652 182
1652 183
1652 184
1652 185
1652 186
1652 187
1652 188
1652 189
1652 190
1652 191
1652 192
1652 193
1652 194
1652 195
1652 196
1652 197
1652 198
1652 199
1652 200
1652 201
1652 202
1652 203
1652 204
1652 205
1652 206
1652 207
1652 208
1652 209
1652 210
1652 211
1652 212
1652 213
1652 214
1652 215
1652 216
1652 217
1652 218
1652 219
1652 220
1652 221
1652 222
1652 223
1652 224
1652 225
1652 226
1652 227
1652 228
1652 229
1652 230
1652 231
1652 232
1652 233
1652 234
1652 235
1652 236
1652 237
1652 238
1652 239
1652 240
1652 241
1652 242
1652 243
1652 244
1652 245
1652 246
1652 247
1652 248
1652 249
1652 250
1652 251
1652 252
1652 253
1652 254
1652 255
1652 256
1652 257
1652 258
1652 259
1652 260
1652 261
1652 262
1652 263
1652 264
1652 265
1652 266
1652 267
1652 268
1652 269
1652 270
1652 271
1652 272
1652 273
1652 274
1652 275
1652 276
1652 277
1652 278
1652 279
1652 280
1652 281
1652 282
1652 283
1652 284
1652 285
1652 286
1652 287
1652 288
1652 289
1652 290
1652 291
1652 292
1652 293
1652 294
1652 295
1652 296
1652 297
1652 298
1652 299
1652 300
1652 301
1652 302
1652 303
1652 304
1652 305
1652 306
1652 307
1652 308
1652 309
1652 310
1652 311
1652 312
1652 313
1652 314
1652 315
1652 316
1652 317
1652 318
1652 319
1652 320
1652 321
1652 322
1652 323
1652 324
1652 325
1652 326
1652 327
1652 328
1652 329
1652 330
1652 331
1652 332
1652 333
1652 334
1652 334
1652 335
1652 336
1652 337
1652 338
1652 339
1652 340
1652 341
1652 342
1652 343
1652 344
1652 345
1652 346
1652 347
1652 348
1652 349
1652 350
1652 351
1652 352
1652 353
1652 354
1652 355
1652 356
1652 357
1652 358
1652 359
1652 360
1652 361
1652 362
1652 363
1652 364
1652 365
1652 366
1652 367
1652 368
1652 369
1652 370
1652 371
1652 372
1652 373
1652 374
1652 375
1652 376
1652 377
1652 378
1652 379
1652 380
1652 381
1652 382
1652 383
1652 384
1652 385
1652 386
1652 387
1652 388
1652 389
1652 390
1652 391
1652 392
1652 393
1652 394
1652 395
1652 396
1652 397
1652 398
1652 399
1652 400
1652 401
1652 402
1652 403
1652 404
1652 405
1652 406
1652 407
1652 408
1652 409
1652 410
1652 411
1652 412
1652 413
1652 414
1652 415
1652 416
1652 417
1652 418
1652 419
1652 420
1652 421
1652 422
1652 423
1652 424
1652 425
1652 426
1652 427
1652 428
1652 429
1652 430
1652 431
1652 432
1652 433
1652 434
1652 435
1652 436
1652 437
1652 438
1652 439
1652 440
1652 441
1652 442
1652 443
1652 444
1652 445
1652 446
1652 447
1652 448
1652 449
1652 450
1652 451
1652 452
1652 453
1652 454
1652 455
1652 456
1652 457
1652 458
1652 459
1652 460
1652 461
1652 462
1652 463
1652 464
1652 465
1652 466
1652 467
1652 468
1652 469
1652 470
1652 471
1652 472
1652 473
1652 474
1652 475
1652 476
1652 477
1652 478
1652 479
1652 480
1652 481
1652 482
1652 483
1652 484
1652 485
1652 486
1652 487
1652 488
1652 489
1652 490
1652 491
1652 492
1652 493
1652 494
1652 495
1652 496
1652 497
1652 498
1652 499
1652 500
1652 501
1652 502
1652 503
1652 504
1652 505
1652 506
1652 507
1652 508
1652 509
1652 510
1652 511
1652 512
1652 513
1652 514
1652 515
1652 516
1652 517
1652 518
1652 519
1652 520
1652 521
1652 522
1652 523
1652 524
1652 525
1652 526
1652 527
1652 528
1652 529
1652 530
1652 531
1652 532
1652 533
1652 534
1652 535
1652 536
1652 537
1652 538
1652 539
1652 540
1652 541
1652 542
1652 543
1652 544
1652 545
1652 546
1652 547
1652 548
1652 549
1652 550
1652 551
1652 552
1652 553
1652 554
1652 555
1652 556
1652 557
1652 558
1652 559
1652 560
1652 561
1652 562
1652 563
1652 564
1652 565
1652 566
1652 567
1652 568
1652 569
1652 570
1652 571
1652 572
1652 573
1652 574
1652 575
1652 576
1652 577
1652 578
1652 579
1652 580
1652 581
1652 582
1652 583
1652 584
1652 585
1652 586
1652 587
1652 588
1652 589
1652 590
1652 591
1652 592
1652 593
1652 594
1652 595
1652 596
1652 597
1652 598
1652 599
1652 600
1652 601
1652 602
1652 603
1652 604
1652 605
1652 606
1652 607
1652 608
1652 609
1652 610
1652 611
1652 612
1652 613
1652 614
1652 615
1652 616
1652 617
1652 618
1652 619
1652 620
1652 621
1652 622
1652 623
1652 624
1652 625
1652 626
1652 627
1652 628
1652 629
1652 630
1652 631
1652 632
1652 633
1652 634
1652 635
1652 636
1652 637
1652 638
1652 639
1652 640
1652 641
1652 642
1652 643
1652 644
1652 645
1652 646
1652 647
1652 648
1652 649
1652 650
1652 651
1652 652
1652 653
1652 654
1652 655
1652 656
1652 657
1652 658
1652 659
1652 670
1652 671
1652 672
1652 673
1652 674
1652 675
1652 676
1652 677
1652 678
1652 679
1652 680
1652 681
1652 682
1652 683
1652 684
1652 685
1652 686
1652 687
1652 688
1652 689
1652 690
1652 691
1652 692
1652 693
1652 694
1652 695
1652 696
1652 697
1652 698
1652 699
1652 700
1652 701
1652 702
1652 703
1652 704
1652 705
1652 706
1652 707
1652 708
1652 709
1652 710
1652 711
1652 712
1652 713
1652 714
1652 715
1652 716
1652 717
1652 718
1652 719
1652 720
1652 721
1652 722
1652 723
1652 724
1652 725
1652 726
1652 727
1652 728
1652 729
1652 730
1652 731
1652 732
1652 733
1652 734
1652 735
1652 736
1652 737
1652 738
1652 739
1652 740
1652 741
1652 742
1652 743
1652 744
1652 745
1652 746
1652 747
1652 748
1652 749
1652 750
1652 751
1652 752
1652 753
1652 754
1652 755
1652 756
1652 757
1652 758
1652 759
1652 760
1652 761
1652 762
1652 763
1652 764
1652 765
1652 766
1652 767
1652 768
1652 769
1652 770
1652 771
1652 772
1652 773
1652 774
1652 775
1652 776
1652 777
1652 778
1652 779
1652 780
1652 781
1652 782
1652 783
1652 784
1652 785
1652 786
1652 787
1652 788
1652 789
1652 790
1652 791
1652 792
1652 793
1652 794
1652 795
1652 796
1652 797
1652 798
1652 799
1652 800
1652 801
1652 802
1654 0
1654 1
1654 2
1654 3
1654 4
1654 5
1654 6
1654 7
1654 8
1654 9
1654 10
1654 11
1654 12
1654 13
1654 14
1654 15
1654 16
1654 17
1654 18
1654 19
1654 20
1654 21
1654 22
1654 23
1654 24
1654 25
1654 26
1654 27
1654 28
1654 29
1654 30
1654 31
1654 32
1654 33
1654 34
1654 35
1654 36
1654 37
1654 38
1654 39
1654 40
1654 41
1654 42
1654 43
1654 44
1654 45
1654 46
1654 47
1654 48
1654 49
1654 50
1654 51
1654 52
1654 53
1654 54
1654 55
1654 56
1654 57
1654 58
1654 59
1654 60
1654 61
1654 62
1654 63
1654 64
1654 65
1654 66
1654 67
1654 68
1654 69
1654 70
1654 71
1654 72
1654 73
1654 74
1654 75
1654 76
1654 77
1654 78
1654 79
1654 80
1654 81
1654 82
1654 83
1654 84
1654 85
1654 86
1654 87
1654 88
1654 89
1654 90
1654 91
1654 92
1654 93
1654 94
1654 95
1654 96
1654 97
1654 98
1654 99
1654 100
1654 102
1654 101
1654 103
1654 104
1654 105
1654 106
1654 107
1654 108
1654 109
1654 110
1654 111
1654 112
1654 113
1654 114
1654 115
1654 116
1654 117
1654 118
1654 119
1654 120
1654 121
1654 122
1654 123
1654 124
1654 125
1654 126
1654 127
1654 128
1654 129
1654 130
1654 131
1654 132
1654 133
1654 134
1654 135
1654 136
1654 137
1654 138
1654 139
1654 140
1654 141
1654 142
1654 143
1654 144
1654 145
1654 146
1654 147
1654 148
1654 149
1654 150
1654 151
1654 152
1654 153
1654 154
1654 155
1654 156
1654 157
1654 158
1654 159
1654 160
1654 161
1654 162
1654 163
1654 164
1654 165
1654 166
1654 167
1654 168
1654 169
1654 170
1654 171
1654 172
1654 173
1654 174
1654 175
1654 176
1654 177
1654 178
1654 179
1654 180
1654 181
1654 182
1654 183
1654 184
1654 185
1654 186
1654 187
1654 188
1654 189
1654 190
1654 191
1654 192
1654 193
1654 194
1654 195
1654 196
1654 197
1654 198
1654 199
1654 200
1654 201
1654 202
1654 203
1654 204
1654 205
1654 206
1654 207
1654 208
1654 209
1654 210
1654 211
1654 212
1654 213
1654 214
1654 215
1654 216
1654 217
1654 218
1654 219
1666 0
1666 1
1666 2
1666 3
1666 4
1666 5
1666 6
1666 7
1666 8
1666 9
1666 10
1666 12
1666 11
1666 13
1666 14
1666 15
1666 16
1666 17
1666 18
1666 19
1666 20
1666 21
1666 22
1666 23
1666 24
1666 25
1666 26
1666 27
1666 28
1666 29
1666 30
1666 31
1666 32
1666 33
1666 34
1666 35
1666 36
1666 37
1666 38
1666 39
1666 40
1666 41
1666 42
1666 43
1666 44
1666 45
1666 46
1666 47
1666 48
1666 49
1666 50
1666 51
1666 52
1666 53
1666 54
1666 55
1666 56
1666 57
1666 58
1666 59
1666 60
1666 61
1666 62
1666 63
1666 64
1666 65
1666 74
1666 66
1666 67
1666 68
1666 69
1666 70
1666 71
1666 72
1666 73
1666 75
1666 76
1666 77
1666 78
1666 79
1666 80
1666 81
1666 82
1666 83
1666 84
1666 85
1666 86
1666 87
1666 88
1666 89
1666 90
1666 91
1666 92
1666 93
1666 94
1666 95
1666 96
1666 97
1666 98
1666 99
1666 100
1666 101
1666 102
1666 103
1666 104
1666 105
1666 106
1666 107
1666 108
1666 109
1666 110
1666 111
1666 112
1666 113
1666 114
1666 115
1666 116
1666 117
1666 118
1666 119
1666 120
1666 121
1666 122
1666 123
1666 124
1666 125
1666 126
1666 127
1666 128
1666 129
1666 130
1666 131
1666 132
1666 133
1666 134
1666 135
1666 136
1666 137
1666 138
1666 139
1666 140
1666 141
1666 142
1666 143
1666 144
1666 145
1666 146
1666 147
1666 148
1666 149
1666 150
1666 151
1666 152
1666 153
1666 154
1666 155
1666 156
1666 157
1666 158
1666 159
1666 160
1666 161
1666 162
1666 163
1666 164
1666 165
1666 166
1666 167
1666 168
1666 169
1666 170
1666 171
1666 172
1666 173
1666 174
1666 175
1666 176
1666 177
1666 178
1666 179
1666 180
1666 181
1666 182
1666 183
1666 184
1666 185
1666 186
1666 187
1666 188
1666 189
1666 190
1666 191
1666 192
1666 193
1666 194
1666 195
1666 196
1666 197
1666 198
1666 199
1666 200
1666 201
1666 202
1666 203
1666 204
1666 205
1666 206
1666 207
1666 208
1666 209
1666 210
1666 211
1666 212
1666 213
1666 214
1666 215
1666 216
1666 217
1666 218
1666 219
1666 220
1666 221
1666 222
1666 223
1666 224
1666 225
1666 226
1666 227
1666 228
1666 229
1666 230
1666 231
1666 232
1666 233
1666 234
1666 235
1666 236
1666 237
1666 238
1666 239
1666 240
1666 241
1666 242
1666 243
1666 244
1666 245
1666 246
1666 247
1666 248
1666 249
1666 250
1666 251
1666 252
1666 253
1666 254
1666 255
1666 256
1666 257
1666 258
1666 259
1666 260
1666 261
1666 262
1666 263
1666 264
1666 265
1666 266
1666 267
1666 268
1666 269
1666 270
1666 271
1666 272
1666 273
1666 274
1666 275
1666 276
1666 277
1666 278
1666 279
1666 280
1666 281
1666 282
1666 283
1666 284
1666 285
1666 286
1666 287
1666 288
1666 289
1666 290
1666 291
1666 292
1666 293
1666 294
1666 295
1666 296
1666 297
1671 0
1671 1
1671 2
1671 3
1671 4
1671 5
1671 6
1671 7
1671 8
1671 9
1671 10
1671 11
1671 12
1671 13
1671 14
1671 15
1671 16
1671 17
1671 18
1671 19
1671 20
1671 21
1671 22
1671 23
1671 24
1671 25
1671 26
1671 27
1671 28
1671 29
1671 30
1671 31
1671 32
1671 33
1671 34
1671 35
1671 36
1671 37
1671 38
1671 39
1671 40
1671 41
1671 42
1671 43
1671 44
1671 45
1671 46
1671 47
1671 48
1671 49
1671 50
1671 51
1671 52
1671 53
1671 54
1671 55
1671 56
1671 57
1671 58
1671 59
1671 60
1671 61
1671 62
1671 63
1671 64
1671 65
1671 66
1671 67
1671 68
1671 69
1671 70
1671 71
1671 72
1671 73
1671 74
1671 75
1671 76
1671 77
1671 78
1671 79
1671 80
1671 81
1671 82
1671 83
1671 84
1671 85
1671 86
1671 87
1671 88
1671 89
1671 90
1671 91
1671 92
1671 93
1671 94
1671 95
1671 96
1671 97
1671 98
1671 99
1671 100
1671 101
1671 102
1671 103
1671 104
1671 105
1671 106
1671 107
1671 108
1671 109
1671 110
1671 111
1671 112
1671 113
1671 114
1671 115
1671 116
1671 117
1671 118
1671 119
1671 120
1671 121
1671 122
1671 123
1671 124
1671 125
1671 126
1671 127
1671 128
1671 129
1671 130
1671 131
1671 132
1671 133
1671 134
1671 135
1671 136
1671 137
1671 138
1671 139
1671 140
1671 141
1671 142
1671 143
1671 144
1671 145
1671 146
1671 147
1671 148
1671 149
1671 150
1671 151
1671 152
1671 153
1671 154
1671 155
1671 156
1671 157
1671 158
1671 159
1671 160
1671 161
1671 162
1671 163
1671 164
1671 165
1671 166
1671 167
1671 168
1671 169
1671 170
1671 171
1671 172
1671 173
1671 174
1671 175
1671 176
1671 177
1671 178
1671 179
1671 180
1671 181
1671 182
1671 183
1671 184
1671 185
1671 186
1671 187
1671 188
1671 189
1671 190
1671 191
1671 192
1671 193
1671 194
1671 195
1671 196
1671 197
1671 198
1671 199
1671 200
1671 201
1671 202
1671 203
1671 204
1671 205
1671 206
1671 207
1671 208
1671 209
1671 210
1671 211
1671 212
1671 213
1671 214
1671 215
1671 216
1671 217
1671 218
1671 219
1671 220
1671 221
1671 222
1671 223
1671 224
1671 225
1671 226
1671 227
1671 228
1671 229
1671 230
1671 231
1671 232
1671 233
1671 234
1671 235
1671 236
1671 237
1671 238
1671 239
1671 240
1671 241
1671 242
1671 243
1671 244
1671 245
1671 246
1671 247
1671 248
1671 249
1671 250
1671 251
1671 252
1671 253
1671 254
1671 255
1671 256
1671 257
1671 258
1671 259
1671 260
1671 261
1671 262
1671 263
1671 264
1671 265
1671 266
1671 267
1671 268
1671 269
1671 270
1671 271
1671 272
1671 273
1671 274
1671 275
1671 276
1671 277
1671 278
1671 279
1671 280
1671 281
1671 282
1671 283
1671 284
1671 285
1671 286
1671 287
1671 288
1671 289
1671 290
1671 291
1671 292
1671 293
1671 294
1671 295
1671 296
1671 297
1671 298
1671 299
1671 300
1671 301
1672 0
1672 1
1672 2
1672 3
1672 4
1672 5
1672 6
1672 7
1672 8
1672 9
1672 10
1672 11
1672 12
1672 13
1672 14
1672 15
1672 16
1672 17
1672 18
1672 19
1672 20
1672 21
1672 22
1672 23
1672 24
1672 25
1672 26
1672 27
1672 28
1672 29
1672 30
1672 31
1672 32
1672 33
1672 34
1672 35
1672 36
1672 37
1672 38
1672 39
1672 40
1672 41
1672 42
1672 43
1672 44
1672 45
1672 46
1672 47
1672 48
1672 49
1672 50
1672 51
1672 52
1672 53
1672 54
1672 55
1672 56
1672 57
1672 58
1672 59
1672 60
1672 61
1672 62
1672 63
1672 64
1672 65
1672 66
1672 67
1672 68
1672 69
1672 70
1672 71
1672 72
1672 73
1672 74
1672 75
1672 76
1672 77
1672 78
1672 79
1672 80
1672 81
1672 82
1672 83
1672 84
1672 85
1672 86
1672 87
1672 88
1672 89
1672 90
1672 91
1672 92
1672 93
1672 94
1672 95
1672 96
1672 97
1672 98
1672 99
1672 100
1672 101
1672 102
1672 103
1672 104
1672 105
1672 106
1672 107
1672 108
1672 109
1672 110
1672 111
1672 112
1672 113
1672 114
1672 115
1672 116
1672 117
1672 118
1672 119
1672 120
1672 121
1672 122
1672 123
1672 124
1672 125
1672 126
1672 127
1672 128
1672 129
1672 130
1672 131
1672 132
1672 133
1672 134
1672 135
1672 136
1672 137
1672 138
1672 139
1672 140
1672 141
1672 142
1672 143
1672 144
1672 145
1672 146
1672 147
1672 148
1672 149
1672 150
1672 151
1672 152
1672 153
1672 154
1672 155
1672 156
1672 157
1672 158
1672 159
1672 160
1672 161
1672 162
1672 163
1672 164
1672 165
1672 166
1672 167
1672 168
1672 169
1672 170
1672 171
1672 172
1672 173
1672 174
1672 175
1672 176
1672 177
1672 178
1672 179
1672 180
1672 181
1672 182
1672 183
1672 184
1672 185
1672 186
1672 187
1672 188
1672 189
1672 190
1672 191
1672 192
1672 193
1672 194
1672 195
1672 196
1672 197
1672 198
1672 199
1672 200
1672 201
1672 202
1672 203
1672 204
1672 205
1672 206
1672 207
1672 208
1672 209
1672 210
1672 211
1672 212
1672 213
1672 214
1672 215
1672 216
1672 217
1672 218
1672 219
1672 220
1672 221
1672 222
1672 223
1672 224
1672 225
1672 226
1672 227
1672 228
1672 229
1672 230
1672 231
1672 232
1672 233
1672 234
1672 235
1672 236
1672 237
1672 238
1672 239
1672 240
1672 241
1672 242
1672 243
1672 244
1672 245
1672 246
1672 247
1672 248
1672 249
1672 250
1672 251
1672 252
1672 253
1672 254
1672 255
1672 256
1672 257
1672 258
1672 259
1672 260
1672 261
1672 262
1672 263
1672 264
1672 265
1672 266
1672 267
1672 268
1672 269
1672 270
1672 271
1672 272
1672 273
1672 274
1672 275
1672 276
1672 277
1672 278
1672 279
1672 280
1672 281
1672 282
1672 283
1672 284
1672 285
1672 286
1672 287
1672 288
1672 289
1672 290
1672 291
1672 292
1672 293
1672 294
1672 295
1672 296
1672 297
1672 298
1672 299
1672 300
1672 301
1672 302
1672 303
1672 304
1672 305
1672 306
1672 307
1672 308
1672 309
1672 310
1672 311
1672 312
1672 313
1672 314
1672 315
1672 316
1672 317
1672 318
1672 319
1672 320
1672 321
1672 322
1672 323
1672 324
1672 325
1672 326
1672 327
1672 328
1672 329
1672 330
1672 331
1672 332
1672 333
1672 334
1672 335
1672 336
1672 337
1672 338
1672 339
1672 340
1672 341
1672 342
1672 343
1672 344
1672 345
1672 346
1672 347
1672 348
1672 349
1672 350
1672 351
1672 352
1672 353
1672 354
1672 355
1672 356
1672 357
1672 358
1672 359
1672 360
1672 361
1672 362
1672 363
1672 364
1672 365
1672 366
1672 367
1672 368
1672 369
1672 370
1672 371
1672 372
1672 373
1672 374
1672 375
1672 376
1672 377
1672 378
1672 379
1672 380
1672 381
1672 382
1672 383
1672 384
1672 385
1672 386
1672 387
1672 388
1672 389
1672 390
1672 391
1672 392
1672 393
1672 394
1672 395
1672 396
1672 397
1672 398
1672 399
1672 400
1672 401
1672 402
1672 403
1672 404
1672 405
1672 406
1672 407
1672 408
1672 409
1672 410
1672 411
1672 412
1672 413
1672 414
1672 415
1672 416
1672 417
1672 418
1672 419
1672 420
1672 421
1672 422
1672 423
1672 424
1672 425
1672 426
1672 427
1672 428
1672 429
1672 430
1672 431
1672 432
1672 433
1672 434
1672 435
1672 436
1672 437
1672 438
1672 439
1672 440
1672 441
1672 442
1672 443
1672 444
1672 445
1672 446
1672 447
1672 448
1672 449
1672 450
1672 451
1672 452
1672 453
1672 454
1672 455
1672 456
1672 457
1672 458
1672 459
1672 460
1672 461
1672 462
1672 463
1672 464
1672 465
1672 466
1672 467
1672 468
1672 469
1672 470
1672 471
1672 472
1672 473
1672 474
1672 475
1672 476
1672 477
1672 478
1672 479
1672 480
1672 481
1672 482
1672 483
1672 484
1672 485
1672 486
1672 487
1672 488
1672 489
1672 490
1672 491
1672 492
1672 493
1672 494
1672 495
1672 496
1672 497
1672 498
1672 499
1672 500
1672 501
1672 502
1672 503
1672 504
1672 505
1672 506
1672 507
1672 508
1672 509
1672 510
1672 511
1672 512
1672 513
1672 514
1672 515
1672 516
1672 517
1672 518
1672 519
1672 520
1672 521
1672 522
1672 523
1672 524
1672 525
1672 526
1672 527
1672 528
1672 529
1672 530
1672 531
1672 532
1672 533
1672 534
1672 535
1672 536
1672 537
1672 538
1672 539
1672 540
1672 541
1672 542
1672 543
1672 544
1672 545
1672 546
1672 547
1672 548
1672 549
1672 550
1672 551
1672 552
1672 553
1672 554
1672 555
1672 556
1672 557
1672 558
1672 559
1672 560
1672 561
1672 562
1672 563
1672 564
1672 565
1672 566
1672 567
1672 568
1672 569
1672 570
1672 571
1672 572
1672 573
1672 574
1672 575
1672 576
1672 577
1672 578
1672 579
1672 580
1672 581
1672 582
1672 583
1672 584
1672 585
1672 586
1672 587
1672 588
1672 589
1672 590
1672 591
1672 592
1672 593
1672 594
1672 595
1672 596
1672 597
1672 598
1672 599
1672 600
1672 601
1672 602
1672 603
1672 604
1672 605
1672 606
1672 607
1672 608
1672 609
1672 610
1672 611
1672 612
1672 613
1672 614
1672 615
1672 616
1672 617
1672 618
1672 619
1672 620
1672 621
1672 622
1672 623
1672 624
1672 625
1672 626
1672 627
1672 628
1672 629
1672 630
1672 631
1672 632
1672 633
1672 634
1672 635
1672 636
1672 637
1672 638
1672 639
1672 640
1672 641
1672 642
1672 643
1672 644
1672 645
1672 646
1672 647
1672 648
1672 649
1672 650
1672 651
1672 652
1672 653
1672 654
1672 655
1672 656
1672 657
1672 658
1672 659
1672 660
1672 661
1672 662
1672 663
1672 664
1672 665
1672 666
1672 667
1672 668
1672 669
1672 670
1672 671
1672 672
1672 673
1672 674
1672 675
1672 676
1672 677
1672 678
1672 679
1672 680
1672 681
1672 682
1672 683
1672 684
1672 685
1672 686
1672 687
1672 688
1672 689
1672 690
1672 691
1672 692
1672 693
1672 694
1672 695
1672 696
1672 697
1672 698
1672 699
1672 700
1672 701
1672 702
1672 703
1672 704
1672 705
1672 706
1672 707
1672 708
1672 709
1672 710
1672 711
1672 712
1672 713
1672 714
1672 715
1672 716
1672 717
1672 718
1672 719
1672 720
1672 721
1672 722
1672 723
1672 724
1672 725
1672 726
1672 727
1672 728
1672 729
1672 730
1672 731
1672 732
1672 733
1672 734
1672 735
1672 736
1672 737
1672 738
1672 739
1672 740
1672 741
1652 660
1652 661
1652 662
1652 663
1652 664
1652 665
1652 666
1652 667
1652 668
1652 669
1672 742
1672 743
1672 744
1672 745
1672 746
1672 747
1672 748
1672 749
1672 750
1672 751
1672 752
1672 753
1672 754
1672 755
1672 756
1672 757
1672 758
1672 759
1672 760
1672 761
1672 762
1672 763
1672 764
1672 765
1672 766
1672 767
1672 768
1672 769
1672 770
1672 771
1672 772
1672 773
1672 774
1672 775
1672 776
1672 777
1672 778
1672 779
1672 780
1672 781
1672 782
1672 783
1672 784
1672 785
1672 786
1672 787
1672 788
1672 789
1672 790
1672 791
1672 792
1672 793
1672 794
1672 795
1672 796
1672 797
1672 798
1672 799
1672 800
1672 801
1672 802
1672 803
1672 804
1672 805
1672 806
1672 807
1672 808
1672 809
1672 810
1672 811
1672 812
1672 813
1672 814
1672 815
1672 816
1672 817
1672 818
1672 819
1672 820
1672 821
1672 822
1672 823
1672 824
1672 825
1672 826
1672 827
1672 828
1672 829
1672 830
1672 831
1672 832
1672 833
1672 834
1672 835
1672 836
1672 837
1672 838
1672 839
1672 840
1672 841
1672 842
1672 843
1672 844
1672 845
1672 846
1672 847
1672 848
1672 849
1672 850
1672 851
1672 852
1672 853
1672 854
1672 855
1672 856
1672 857
1672 858
1672 859
1672 860
1672 861
1672 862
1672 863
1672 864
1672 865
1672 866
1672 867
1672 868
1672 869
1672 870
1672 871
1672 872
1672 873
1672 874
1672 875
1672 876
1672 877
1672 878
1672 879
1672 880
1672 881
1672 882
1672 883
1672 884
1672 885
1672 886
1672 887
1672 888
1672 889
1672 890
1672 891
1672 892
1672 893
1672 894
1672 895
1672 896
1672 897
1672 898
1672 899
1672 900
1672 901
1672 902
1672 903
1672 904
1672 905
1672 906
1672 907
1672 908
1672 909
1672 910
1672 911
1672 912
1672 913
1672 914
1672 915
1672 916
1672 917
1672 918
1672 919
1672 920
1672 921
1672 922
1672 923
1672 924
1672 925
1672 926
1672 927
1672 928
1672 929
1672 930
1672 931
1672 932
1672 933
1672 934
1672 935
1672 936
1672 937
1672 938
1672 939
1672 940
1672 941
1672 942
1672 943
1672 944
1672 945
1672 946
1672 947
1672 948
1672 949
1672 950
1672 951
1672 952
1672 953
1672 954
1672 955
1678 0
1678 1
1678 2
1678 3
1678 4
1678 5
1678 6
1678 7
1678 8
1678 9
1678 10
1678 11
1678 12
1678 13
1678 14
1678 15
1678 16
1678 17
1678 18
1678 19
1678 20
1678 21
1678 22
1678 23
1678 24
1678 25
1678 26
1678 27
1678 28
1678 29
1678 30
1678 31
1678 32
1678 33
1678 34
1678 35
1678 36
1678 37
1678 38
1678 39
1678 40
1678 41
1678 42
1678 43
1678 44
1678 45
1678 46
1678 47
1678 48
1678 49
1678 50
1678 51
1678 52
1678 53
1678 54
1678 55
1678 56
1678 57
1678 58
1678 59
1678 60
1678 61
1678 62
1678 63
1678 64
1678 65
1678 66
1678 67
1678 68
1678 69
1678 70
1678 71
1678 72
1678 73
1678 74
1678 75
1678 76
1678 77
1678 78
1678 79
1678 80
1678 81
1678 82
1678 83
1678 84
1678 85
1678 86
1678 87
1678 88
1678 89
1678 90
1678 91
1678 92
1678 93
1678 94
1678 95
1678 96
1678 97
1678 98
1678 99
1678 100
1678 101
1678 102
1678 103
1678 104
1678 105
1678 106
1678 107
1678 108
1678 109
1678 110
1678 111
1678 112
1678 113
1678 114
1678 115
1678 116
1678 117
1678 118
1678 119
1678 120
1678 121
1678 122
1678 123
1678 124
1678 125
1678 126
1678 127
1678 128
1678 129
1678 130
1678 131
1678 132
1678 133
1678 134
1678 135
1678 136
1678 137
1678 138
1678 139
1678 140
1678 141
1678 142
1678 143
1678 144
1678 145
1678 146
1678 147
1678 148
1678 149
1678 150
1678 151
1678 152
1678 153
1678 154
1678 155
1678 156
1678 157
1678 158
1678 159
1678 160
1678 161
1678 162
1678 163
1678 164
1678 165
1678 166
1678 167
1678 168
1678 169
1678 170
1678 171
1678 172
1678 173
1678 174
1678 175
1678 176
1678 177
1678 178
1678 179
1678 180
1678 181
1678 182
1678 183
1678 184
1678 185
1678 186
1678 187
1678 188
1678 189
1678 190
1678 191
1678 192
1678 193
1678 194
1678 195
1678 196
1678 197
1678 198
1678 199
1678 200
1678 201
1678 202
1678 203
1678 204
1678 205
1678 206
1678 207
1678 208
1678 209
1678 210
1678 211
1678 212
1678 213
1678 214
1678 215
1678 216
1678 217
1678 218
1678 219
1678 220
1678 221
1678 222
1678 223
1678 224
1678 225
1678 226
1678 227
1678 228
1678 229
1678 230
1678 231
1678 232
1678 233
1678 234
1678 235
1678 236
1678 237
1678 238
1678 239
1678 240
1678 241
1678 242
1678 243
1678 244
1678 245
1678 246
1678 247
1678 248
1678 249
1678 250
1678 251
1678 252
1678 253
1678 254
1678 255
1678 256
1678 257
1678 258
1678 259
1678 260
1678 261
1678 262
1678 263
1678 264
1678 265
1678 266
1678 267
1678 268
1678 269
1678 270
1678 271
1678 272
1678 273
1678 274
1678 275
1678 276
1678 277
1678 278
1678 279
1678 280
1678 281
1678 282
1678 283
1678 284
1678 285
1678 286
1678 287
1678 288
1678 289
1678 290
1678 291
1678 292
1678 293
1678 294
1678 295
1678 296
1678 297
1678 298
1678 299
1678 300
1678 301
1678 302
1678 303
1678 304
1678 305
1678 306
1678 307
1678 308
1678 309
1678 310
1678 311
1678 312
1678 313
1678 314
1678 315
1678 316
1678 317
1678 318
1678 319
1678 320
1678 321
1678 322
1678 323
1678 324
1678 325
1678 326
1678 327
1678 328
1678 329
1678 330
1678 331
1678 332
1678 333
1678 334
1678 335
1678 336
1678 337
1678 338
1678 339
1678 340
1678 341
1678 342
1678 343
1678 344
1678 345
1678 346
1678 347
1678 348
1678 349
1678 350
1678 351
1678 352
1678 353
1678 354
1678 355
1678 356
1678 357
1678 358
1678 359
1678 360
1678 361
1678 362
1678 363
1678 364
1678 365
1678 366
1678 367
1678 368
1678 369
1678 370
1678 371
1678 372
1678 373
1678 374
1678 375
1678 376
1678 377
1678 378
1678 379
1678 380
1678 381
1678 382
1678 383
1678 384
1678 385
1678 386
1678 387
1678 388
1678 389
1678 390
1678 391
1678 392
1678 393
1678 394
1678 395
1678 396
1678 397
1678 398
1678 399
1678 400
1678 401
1678 402
1678 403
1678 404
1678 405
1678 406
1678 407
1678 408
1678 409
1678 410
1678 411
1678 412
1678 413
1678 414
1678 415
1678 416
1678 417
1678 418
1678 419
1678 420
1678 421
1678 422
1678 423
1678 424
1678 425
1678 426
1678 427
1678 428
1678 429
1678 430
1678 431
1678 432
1678 433
1678 434
1678 435
1678 436
1678 437
1678 438
1678 439
1678 440
1678 441
1678 442
1678 443
1678 444
1678 445
1678 446
1678 447
1678 448
1678 449
1678 450
1678 451
1678 452
1678 453
1678 454
1678 455
1678 456
1678 457
1678 458
1678 459
1678 460
1678 461
1678 462
1678 463
1678 464
1678 465
1678 466
1678 467
1678 468
1678 469
1678 470
1678 471
1678 472
1678 473
1678 474
1678 475
1678 476
1678 477
1678 478
1678 479
1678 480
1678 481
1678 482
1678 483
1678 484
1678 485
1678 486
1678 487
1678 488
1678 489
1678 490
1678 491
1678 492
1678 493
1678 494
1678 495
1678 496
1678 497
1678 498
1678 499
1678 500
1678 501
1678 502
1678 503
1678 504
1678 505
1678 506
1678 507
1678 508
1678 509
1678 510
1678 511
1678 512
1678 513
1678 514
1678 515
1678 516
1678 517
1678 518
1678 519
1678 520
1678 521
1678 522
1678 523
1678 524
1678 525
1678 526
1678 527
1678 528
1678 529
1678 530
1678 531
1678 532
1678 533
1678 534
1678 535
1678 536
1678 537
1678 538
1678 539
1678 540
1678 541
1678 542
1678 543
1678 544
1678 545
1678 546
1678 547
1678 548
1678 549
1678 550
1678 551
1678 552
1678 553
1678 554
1678 555
1678 556
1678 557
1678 558
1678 559
1678 560
1678 561
1678 562
1678 563
1678 564
1678 565
1678 566
1678 567
1678 568
1678 569
1678 570
1678 571
1678 572
1678 573
1678 574
1678 575
1678 576
1678 577
1678 578
1678 579
1678 580
1678 581
1678 582
1678 583
1678 584
1678 585
1678 586
1678 587
1678 588
1678 589
1678 590
1678 591
1678 592
1678 593
1678 594
1678 595
1678 596
1678 597
1678 598
1678 599
1678 600
1678 601
1678 602
1678 603
1678 604
1678 605
1678 606
1678 607
1678 608
1678 609
1678 610
1678 611
1678 612
1678 614
1678 615
1678 616
1678 617
1678 618
1678 619
1678 620
1678 621
1678 622
1678 623
1678 624
1678 625
1678 626
1678 627
1678 628
1678 629
1678 630
1678 631
1678 632
1678 633
1678 634
1678 635
1678 636
1678 637
1678 638
1678 639
1678 640
1678 641
1678 642
1678 643
1678 644
1678 645
1678 647
1678 648
1678 649
1678 650
1678 651
1678 652
1678 653
1678 654
1678 655
1678 656
1678 657
1678 658
1678 659
1678 660
1678 661
1678 662
1678 663
1678 664
1678 665
1678 666
1678 667
1678 668
1678 669
1678 670
1678 671
1678 672
1678 673
1678 674
1678 675
1678 676
1678 677
1678 678
1678 679
1678 680
1678 681
1678 682
1678 683
1678 684
1678 685
1678 686
1678 687
1678 688
1678 689
1678 690
1678 691
1678 692
1678 693
1678 694
1678 695
1678 696
1678 697
1678 698
1678 699
1678 700
1678 701
1678 702
1678 703
1678 704
1678 705
1678 706
1678 707
1678 708
1678 709
1678 710
1678 711
1678 712
1678 713
1683 0
1683 1
1683 2
1683 3
1683 4
1683 5
1683 6
1683 7
1683 8
1683 9
1683 10
1683 11
1683 12
1683 13
1683 14
1683 15
1683 16
1683 17
1683 18
1683 19
1683 20
1683 21
1683 22
1683 23
1683 24
1683 25
1683 26
1683 27
1683 28
1683 29
1683 30
1683 31
1683 32
1683 33
1683 34
1683 35
1683 36
1683 37
1683 38
1683 39
1683 40
1683 41
1683 42
1683 43
1683 44
1683 45
1683 46
1683 47
1683 48
1683 49
1683 50
1683 51
1683 52
1683 53
1683 54
1683 55
1683 56
1683 57
1683 58
1683 59
1683 60
1683 61
1683 62
1683 63
1683 64
1683 65
1683 66
1683 67
1683 68
1683 69
1683 70
1683 71
1683 72
1683 73
1683 74
1683 75
1683 76
1683 77
1690 0
1690 1
1690 2
1690 3
1690 4
1690 5
1690 6
1690 7
1690 8
1690 9
1690 10
1690 11
1690 12
1690 13
1690 14
1690 15
1690 16
1690 17
1690 18
1690 19
1690 20
1690 21
1690 22
1690 23
1690 24
1690 25
1690 26
1690 27
1690 28
1690 29
1690 30
1690 31
1690 32
1690 33
1690 34
1690 35
1690 36
1690 37
1690 38
1690 39
1690 40
1690 41
1690 42
1690 43
1690 44
1690 45
1690 46
1690 47
1690 48
1690 49
1690 50
1690 51
1690 52
1690 53
1690 54
1690 55
1690 56
1690 57
1690 58
1690 59
1690 60
1690 61
1690 62
1690 63
1690 64
1690 65
1690 66
1690 67
1690 68
1690 69
1690 70
1690 71
1718 0
1718 1
1718 2
1718 3
1718 4
1718 5
1718 6
1718 7
1718 8
1718 9
1718 10
1718 11
1718 12
1718 13
1718 14
1718 15
1718 16
1718 17
1718 18
1718 19
1718 20
1718 21
1718 22
1718 23
1718 24
1718 25
1718 26
1718 27
1718 28
1718 29
1718 30
1718 31
1718 32
1718 33
1718 34
1718 35
1718 36
1718 37
1718 38
1718 39
1718 40
1718 41
1718 42
1718 43
1718 44
1718 45
1718 46
1718 47
1718 48
1718 49
1718 50
1718 51
1718 52
1718 53
1718 54
1718 55
1718 56
1718 57
1718 58
1718 59
1718 60
1718 61
1718 62
1718 63
1718 64
1718 65
1718 66
1718 67
1718 68
1718 69
1718 70
1718 71
1718 72
1718 73
1718 74
1718 75
1718 76
1718 77
1718 78
1718 79
1718 80
1718 81
1718 82
1718 83
1718 84
1718 85
1718 86
1718 87
1718 88
1718 89
1718 90
1718 91
1718 92
1718 93
1718 94
1718 95
1718 96
1718 97
1718 98
1718 99
1718 100
1718 101
1718 102
1718 103
1718 104
1718 105
1718 106
1718 107
1718 108
1718 109
1718 110
1718 111
1718 112
1718 113
1718 114
1718 115
1718 116
1718 117
1718 118
1718 119
1718 120
1718 121
1718 122
1718 123
1718 124
1718 125
1718 126
1718 127
1718 128
1718 129
1718 130
1718 131
1718 132
1718 133
1718 134
1718 135
1718 136
1718 137
1718 138
1718 139
1718 140
1718 141
1718 142
1718 143
1718 144
1718 145
1718 146
1718 147
1718 148
1718 149
1718 150
1718 151
1718 152
1718 153
1718 154
1718 155
1718 156
1718 157
1718 158
1718 159
1718 160
1718 161
1718 162
1718 163
1718 164
1718 165
1718 166
1718 167
1718 168
1718 169
1718 170
1718 171
1718 172
1718 173
1718 174
1718 175
1718 176
1718 177
1718 178
1718 179
1718 180
1718 181
1718 182
1718 183
1718 184
1718 185
1718 186
1718 187
1718 188
1718 189
1718 190
1718 191
1718 192
1718 193
1718 194
1718 195
1718 196
1718 197
1718 198
1718 199
1718 200
1718 201
1718 202
1718 203
1718 204
1718 205
1718 206
1718 207
1718 208
1718 209
1718 210
1718 211
1718 212
1718 213
1718 214
1718 215
1718 216
1718 217
1718 218
1718 219
1718 220
1718 221
1718 222
1718 223
1718 224
1718 225
1718 226
1718 227
1718 228
1718 229
1718 230
1718 231
1718 232
1718 233
1718 234
1718 235
1718 236
1718 237
1718 238
1718 239
1718 240
1718 241
1718 242
1718 243
1718 244
1718 245
1718 246
1718 247
1718 248
1718 249
1718 250
1718 251
1718 252
1718 253
1718 254
1718 255
1718 256
1718 257
1718 258
1718 259
1718 260
1718 261
1718 262
1718 263
1718 264
1718 265
1718 266
1718 267
1718 268
1718 269
1718 270
1718 271
1718 272
1718 273
1718 274
1718 275
1718 276
1718 277
1718 278
1718 279
1718 280
1718 281
1718 282
1718 283
1718 284
1718 285
1718 286
1718 287
1718 288
1718 289
1718 290
1718 291
1718 292
1718 293
1718 294
1718 295
1718 296
1718 297
1718 298
1718 299
1718 300
1718 301
1718 302
1718 303
1718 304
1718 305
1718 306
1718 307
1718 308
1718 309
1718 310
1718 311
1718 312
1718 313
1718 314
1718 315
1718 316
1718 317
1718 318
1718 319
1718 320
1718 321
1718 322
1718 323
1718 324
1718 325
1718 326
1718 327
1718 328
1718 329
1718 330
1718 331
1718 332
1718 333
1718 334
1718 335
1718 336
1718 337
1718 338
1718 339
1718 340
1718 341
1718 342
1718 343
1718 344
1718 345
1718 346
1718 347
1718 348
1718 349
1718 350
1718 351
1718 352
1718 353
1718 354
1718 355
1718 356
1718 357
1718 358
1718 359
1718 360
1718 361
1718 362
1718 363
1718 364
1718 365
1718 366
1718 367
1718 368
1718 369
1718 370
1718 371
1718 372
1718 373
1718 374
1718 375
1718 376
1718 377
1718 378
1718 379
1718 380
1718 381
1718 382
1718 383
1718 384
1718 385
1718 386
1718 387
1718 388
1718 389
1718 390
1718 391
1718 392
1718 393
1718 394
1718 395
1718 396
1718 397
1718 398
1718 399
1718 400
1718 401
1718 402
1718 403
1718 404
1718 405
1718 406
1718 407
1718 408
1718 409
1718 410
1718 411
1718 412
1718 413
1718 414
1718 415
1718 416
1718 417
1718 418
1718 419
1718 420
1718 421
1718 422
1718 423
1718 424
1718 425
1718 426
1718 427
1718 428
1718 429
1718 430
1718 431
1718 432
1718 433
1718 434
1718 435
1718 436
1718 437
1718 438
1718 439
1718 440
1718 441
1718 442
1718 443
1718 444
1718 445
1718 446
1718 447
1718 448
1718 449
1718 450
1718 451
1718 452
1718 453
1718 454
1718 455
1718 456
1718 457
1718 458
1718 459
1718 460
1718 461
1718 462
1718 463
1718 464
1718 465
1718 466
1718 467
1718 468
1718 469
1718 470
1718 471
1718 472
1718 473
1718 474
1718 475
1718 476
1718 477
1718 478
1718 479
1718 480
1718 481
1718 482
1718 483
1718 484
1718 485
1718 486
1718 487
1718 488
1718 489
1718 490
1718 491
1718 492
1718 493
1718 494
1718 495
1718 496
1718 497
1718 498
1718 499
1718 500
1718 501
1718 502
1718 503
1718 504
1718 505
1718 506
1718 507
1718 508
1718 509
1718 510
1718 511
1718 512
1718 513
1718 514
1718 515
1718 516
1718 517
1718 518
1718 519
1718 520
1718 521
1718 522
1718 523
1718 524
1718 525
1718 526
1718 527
1718 528
1718 529
1718 530
1718 531
1718 532
1718 533
1718 534
1718 535
1718 536
1718 537
1718 538
1718 539
1718 540
1718 541
1718 542
1718 543
1718 544
1718 545
1718 546
1718 547
1718 548
1718 549
1718 550
1718 551
1718 552
1718 553
1718 554
1718 555
1718 556
1718 557
1718 558
1718 559
1718 560
1718 561
1718 562
1718 563
1718 564
1718 565
1718 566
1718 567
1718 568
1718 569
1718 570
1718 571
1718 572
1718 573
1718 574
1718 575
1718 576
1718 577
1718 578
1718 579
1718 580
1718 581
1718 582
1718 583
1718 584
1718 585
1718 586
1718 587
1718 588
1718 589
1718 590
1718 591
1718 592
1718 593
1718 594
1718 595
1718 596
1718 597
1718 598
1718 599
1718 600
1718 601
1718 602
1718 603
1718 604
1718 605
1718 608
1718 609
1718 610
1718 611
1718 612
1718 613
1718 614
1718 615
1718 616
1718 617
1718 618
1718 619
1718 620
1718 621
1718 622
1718 623
1718 624
1718 625
1718 626
1718 627
1718 628
1718 629
1718 630
1718 631
1718 632
1718 633
1718 634
1718 635
1718 636
1718 637
1718 638
1718 639
1718 640
1718 641
1718 642
1718 643
1718 644
1718 645
1718 646
1718 647
1718 648
1718 649
1718 650
1718 651
1718 652
1718 653
1718 654
1718 655
1718 656
1718 657
1718 658
1718 659
1718 660
1718 661
1718 662
1718 663
1718 664
1718 665
1718 666
1718 667
1718 668
1718 669
1718 670
1718 671
1718 672
1718 673
1718 674
1718 675
1718 676
1718 677
1718 678
1718 679
1718 680
1718 681
1718 682
1718 683
1718 684
1718 685
1718 686
1718 687
1718 688
1718 689
1718 690
1718 691
1718 692
1718 693
1718 694
1718 695
1718 696
1718 697
1718 698
1718 699
1718 700
1718 701
1718 702
1718 703
1718 704
1718 705
1718 706
1718 707
1718 708
1718 709
1718 710
1718 711
1718 712
1718 713
1718 714
1718 715
1718 716
1718 717
1718 718
1718 719
1718 720
1718 721
1718 722
1718 723
1718 724
1718 725
1718 726
1718 727
1718 728
1718 729
1718 730
1718 731
1718 732
1718 733
1718 734
1718 735
1718 736
1718 737
1718 738
1718 739
1718 740
1718 741
1718 742
1718 743
1718 744
1718 745
1718 746
1718 747
1718 748
1718 749
1718 750
1718 751
1718 752
1718 753
1718 754
1718 755
1718 756
1718 757
1718 758
1718 759
1718 760
1718 761
1718 762
1718 763
1718 764
1718 765
1718 766
1718 767
1718 768
1718 769
1718 770
1718 771
1718 772
1718 773
1718 774
1718 775
1718 776
1718 777
1718 778
1718 779
1718 780
1718 781
1718 782
1718 783
1718 784
1718 785
1718 786
1718 787
1718 788
1718 789
1718 790
1718 791
1718 792
1718 793
1718 794
1718 795
1718 796
1718 797
1718 798
1718 799
1718 800
1718 801
1718 802
1718 803
1718 804
1718 805
1718 806
1718 807
1718 808
1718 809
1718 810
1718 811
1718 812
1718 813
1718 814
1718 815
1718 816
1718 817
1718 818
1718 819
1718 820
1718 821
1718 822
1718 823
1718 824
1718 825
1718 826
1718 827
1718 828
1718 830
1718 831
1718 832
1718 833
1718 834
1718 835
1718 836
1718 837
1718 838
1718 839
1718 840
1718 841
1718 842
1718 843
1718 844
1718 845
1718 846
1718 847
1718 848
1718 849
1718 850
1718 851
1718 852
1718 853
1718 854
1718 855
1718 856
1718 857
1718 858
1718 859
1718 860
1718 861
1718 862
1718 863
1718 864
1718 865
1718 866
1718 868
1718 869
1718 870
1718 871
1718 872
1718 873
1718 874
1718 875
1718 876
1718 877
1718 878
1718 879
1718 880
1718 881
1718 882
1718 883
1718 884
1718 885
1718 886
1718 887
1718 888
1718 889
1718 890
1718 891
1718 892
1718 893
1718 894
1718 895
1718 896
1718 897
1718 898
1718 899
1718 900
1718 901
1718 902
1718 903
1718 904
1718 905
1718 906
1718 907
1718 908
1718 909
1718 910
1718 911
1718 912
1718 913
1718 914
1718 915
1718 916
1718 917
1718 918
1718 919
1718 920
1718 921
1718 922
1718 923
1718 924
1718 925
1718 926
1718 927
1718 928
1718 929
1718 930
1718 931
1718 932
1718 933
1719 0
1719 1
1719 2
1719 3
1719 4
1719 5
1719 6
1719 7
1719 8
1719 9
1719 10
1719 11
1719 12
1719 13
1719 14
1719 15
1719 16
1719 17
1719 18
1719 19
1719 20
1719 21
1719 22
1719 23
1719 24
1719 25
1719 26
1719 27
1719 28
1719 29
1719 30
1719 31
1719 32
1719 33
1719 34
1719 35
1719 36
1719 37
1719 38
1719 39
1719 40
1719 41
1719 42
1719 43
1719 44
1719 45
1719 46
1719 47
1719 48
1719 49
1719 50
1719 51
1719 52
1719 53
1719 54
1719 55
1719 56
1719 57
1719 58
1719 59
1719 60
1719 61
1719 62
1719 63
1719 64
1719 65
1719 66
1719 67
1719 68
1719 69
1719 70
1719 71
1719 72
1719 73
1719 74
1719 75
1719 76
1719 77
1719 78
1719 79
1719 80
1719 81
1719 82
1719 83
1719 84
1719 85
1719 86
1719 87
1719 88
1719 89
1719 90
1719 91
1719 92
1719 93
1719 94
1719 95
1719 96
1719 97
1719 98
1719 99
1719 100
1719 101
1719 102
1719 103
1719 104
1719 105
1719 106
1719 107
1719 108
1719 109
1719 110
1719 111
1719 112
1719 113
1719 114
1719 115
1719 116
1719 117
1719 118
1719 119
1719 120
1719 121
1719 122
1719 123
1719 124
1719 125
1719 126
1719 127
1719 128
1719 129
1719 130
1719 131
1719 132
1719 133
1719 134
1719 135
1719 136
1719 137
1719 138
1719 139
1719 140
1719 141
1719 142
1719 143
1719 144
1719 145
1719 146
1719 147
1719 148
1719 149
1719 150
1719 151
1719 152
1719 153
1719 154
1719 155
1719 156
1719 157
1719 158
1719 159
1719 160
1719 161
1719 162
1719 163
1719 164
1719 165
1719 166
1719 167
1719 168
1719 169
1719 170
1719 171
1719 172
1719 173
1719 174
1719 175
1719 176
1719 177
1719 178
1719 179
1719 180
1719 181
1719 182
1719 183
1719 184
1719 185
1719 186
1719 187
1719 188
1719 189
1719 190
1719 191
1719 192
1719 193
1719 194
1719 195
1719 196
1719 197
1719 198
1719 199
1719 200
1719 201
1719 202
1719 203
1719 204
1719 205
1719 206
1719 207
1719 208
1719 209
1719 210
1719 211
1719 212
1719 213
1719 214
1719 215
1719 216
1719 217
1719 218
1719 219
1719 220
1719 221
1719 222
1719 223
1719 224
1719 225
1719 226
1719 227
1719 228
1719 229
1719 230
1719 231
1719 232
1719 233
1719 234
1719 235
1719 236
1719 237
1719 238
1719 239
1719 240
1719 241
1719 242
1719 243
1719 244
1719 245
1719 246
1719 247
1719 248
1719 249
1719 250
1719 251
1719 252
1719 253
1719 254
1719 255
1719 256
1719 257
1719 258
1719 259
1719 260
1719 261
1719 262
1719 263
1719 264
1719 265
1719 266
1719 267
1719 268
1719 269
1719 270
1719 271
1719 272
1719 273
1719 274
1719 275
1719 276
1719 277
1719 278
1719 279
1719 280
1719 281
1719 282
1719 283
1719 284
1719 285
1719 286
1719 287
1719 288
1719 289
1719 290
1719 291
1719 292
1719 293
1719 294
1719 295
1719 296
1719 297
1719 298
1719 299
1719 300
1719 301
1719 302
1719 303
1719 304
1719 305
1719 306
1719 307
1719 308
1719 309
1719 310
1719 311
1719 312
1719 313
1719 314
1719 315
1719 316
1719 317
1719 318
1719 319
1719 320
1719 321
1719 322
1719 323
1719 324
1719 325
1719 326
1719 327
1719 328
1719 329
1719 330
1719 331
1719 332
1719 333
1719 334
1719 335
1719 336
1719 337
1719 338
1719 339
1719 340
1719 341
1719 342
1719 343
1719 344
1719 345
1719 346
1719 347
1719 348
1719 349
1719 350
1719 351
1719 352
1719 353
1719 354
1719 355
1719 356
1719 357
1719 358
1719 359
1719 360
1719 361
1719 362
1719 363
1719 364
1719 365
1719 366
1719 367
1719 368
1719 369
1719 370
1719 371
1719 372
1719 373
1719 374
1719 375
1719 376
1719 377
1719 378
1719 379
1719 380
1719 381
1719 382
1719 383
1719 384
1719 385
1719 386
1719 387
1719 388
1719 389
1719 390
1719 391
1719 392
1719 393
1719 394
1719 395
1719 396
1719 397
1719 398
1719 399
1719 400
1719 401
1719 402
1719 403
1719 404
1719 405
1719 406
1719 407
1719 408
1719 409
1719 410
1719 411
1719 412
1719 413
1719 414
1719 415
1719 416
1719 417
1719 418
1719 419
1719 420
1719 421
1719 422
1719 423
1719 424
1719 425
1719 426
1719 427
1719 428
1719 429
1719 430
1719 431
1719 432
1719 433
1719 434
1719 435
1719 436
1719 437
1719 438
1719 439
1719 440
1719 441
1719 442
1719 443
1719 444
1719 445
1719 446
1719 447
1719 448
1719 449
1719 450
1719 451
1719 452
1719 454
1719 455
1719 456
1719 457
1719 458
1719 459
1719 460
1719 461
1719 462
1719 463
1719 464
1719 465
1719 466
1719 467
1719 468
1719 469
1719 470
1719 471
1719 472
1719 473
1719 474
1719 475
1719 476
1719 477
1719 478
1719 479
1719 480
1719 481
1719 482
1719 483
1719 484
1719 485
1719 486
1719 487
1719 488
1719 489
1719 490
1719 491
1719 492
1719 493
1719 494
1719 495
1719 496
1719 497
1719 498
1719 499
1719 500
1719 501
1719 502
1719 503
1719 504
1719 505
1719 506
1719 507
1719 508
1719 509
1719 510
1719 511
1719 512
1719 513
1719 514
1719 515
1719 516
1719 517
1719 518
1719 519
1719 520
1719 521
1719 522
1719 523
1719 524
1719 525
1719 526
1719 527
1719 528
1719 529
1719 530
1719 531
1719 532
1719 533
1719 534
1719 535
1719 536
1719 537
1719 538
1719 539
1719 540
1719 541
1719 542
1719 543
1719 544
1719 545
1719 546
1719 547
1719 548
1719 549
1719 550
1719 551
1719 552
1719 553
1719 554
1719 555
1719 556
1719 557
1719 558
1719 559
1719 560
1719 561
1719 562
1719 563
1719 564
1719 565
1719 566
1719 567
1719 568
1719 569
1719 570
1719 571
1719 572
1719 573
1719 574
1719 575
1719 576
1719 577
1719 578
1719 579
1719 580
1719 581
1719 582
1719 583
1719 584
1719 585
1719 586
1719 587
1719 588
1719 589
1719 590
1719 591
1719 592
1719 593
1719 594
1719 595
1719 596
1719 597
1719 598
1719 599
1719 600
1719 601
1719 602
1719 603
1719 604
1719 605
1719 606
1719 607
1719 608
1719 609
1719 610
1719 611
1719 612
1719 613
1719 614
1719 615
1719 616
1719 617
1719 618
1719 619
1719 620
1719 621
1719 622
1719 623
1719 624
1719 625
1719 626
1719 627
1719 628
1719 629
1719 630
1719 631
1719 632
1719 633
1719 634
1719 635
1719 636
1719 637
1719 638
1719 639
1719 640
1719 641
1719 642
1719 643
1719 644
1719 645
1719 646
1719 647
1719 648
1719 649
1719 650
1719 651
1719 652
1719 653
1719 654
1719 655
1719 656
1719 657
1719 658
1719 659
1719 660
1719 661
1719 662
1719 663
1719 664
1719 665
1719 666
1719 667
1719 668
1719 669
1719 670
1719 671
1719 672
1719 673
1719 674
1719 675
1719 676
1719 677
1719 678
1719 679
1719 680
1719 681
1719 682
1719 683
1719 684
1719 685
1719 686
1719 687
1719 688
1719 689
1719 690
1719 691
1719 692
1719 693
1719 694
1719 695
1719 696
1719 697
1719 698
1719 699
1719 700
1719 701
1719 702
1719 703
1719 704
1719 705
1719 706
1719 707
1719 708
1719 709
1719 710
1719 711
1719 712
1719 713
1719 714
1719 715
1719 716
1719 717
1719 718
1719 719
1719 720
1719 721
1719 722
1719 723
1719 724
1719 725
1719 726
1719 727
1719 728
1719 729
1719 730
1719 731
1719 732
1719 733
1719 734
1719 735
1719 736
1719 737
1719 738
1719 739
1719 740
1719 741
1719 742
1719 743
1719 744
1719 745
1719 746
1719 747
1719 748
1719 749
1719 750
1719 751
1719 752
1719 753
1719 754
1719 755
1719 756
1719 757
1719 758
1719 759
1719 760
1719 761
1719 762
1719 763
1719 764
1719 765
1719 766
1719 767
1719 768
1719 769
1719 770
1719 771
1719 772
1719 773
1719 774
1719 775
1719 776
1719 777
1719 778
1719 779
1719 780
1719 781
1719 782
1719 783
1719 784
1719 785
1719 786
1719 787
1719 788
1719 789
1719 790
1719 791
1719 792
1719 793
1719 794
1719 795
1719 796
1719 797
1719 798
1719 799
1719 800
1719 801
1719 802
1719 803
1719 804
1719 805
1719 806
1719 807
1719 808
1719 809
1719 810
1719 811
1719 812
1719 813
1719 814
1719 815
1719 816
1719 817
1719 818
1719 819
1719 820
1719 821
1719 822
1719 823
1719 824
1719 825
1719 826
1719 827
1719 828
1719 829
1719 830
1719 831
1719 832
1719 833
1719 834
1719 835
1719 836
1719 837
1719 839
1719 840
1719 841
1719 842
1719 843
1719 844
1719 845
1719 846
1719 847
1719 848
1719 849
1719 850
1719 851
1719 852
1719 853
1719 854
1719 855
1719 856
1719 857
1719 858
1719 859
1719 860
1719 861
1719 862
1719 863
1719 864
1719 865
1719 866
1719 867
1719 868
1719 869
1719 870
1719 871
1719 872
1719 873
1719 874
1719 875
1719 876
1719 877
1719 878
1719 879
1719 880
1719 881
1719 882
1719 883
1719 884
1719 885
1719 886
1719 887
1719 888
1719 889
1719 890
1719 891
1719 892
1719 893
1719 894
1719 895
1719 896
1719 897
1719 898
1719 899
1719 900
1719 901
1719 902
1719 903
1719 904
1719 905
1719 906
1719 907
1719 908
1719 909
1719 910
1719 911
1719 912
1719 913
1719 914
1719 915
1719 916
1719 917
1719 918
1719 919
1719 920
1719 921
1719 922
1719 923
1719 924
1719 925
1719 926
1719 927
1719 928
1719 929
1719 930
1719 931
1719 932
1719 933
1719 934
1719 935
1719 936
1719 937
1719 938
1719 939
1719 940
1719 941
1719 942
1719 943
1719 944
1719 945
1719 946
1719 947
1719 948
1719 949
1719 950
1719 951
1719 952
1719 953
1719 954
1719 955
1719 956
1719 957
1719 958
1719 959
1719 960
1719 961
1719 962
1719 963
1719 964
1719 965
1719 966
1719 967
1719 968
1719 969
1719 970
1719 971
1719 972
1719 973
1719 974
1719 975
1719 976
1719 977
1719 978
1719 979
1719 980
1719 981
1719 982
1719 983
1719 984
1719 985
1719 986
1719 987
1719 988
1719 989
1719 990
1719 991
1719 992
1719 993
1720 0
1720 1
1720 2
1720 3
1720 4
1720 5
1720 6
1720 7
1720 8
1720 9
1720 10
1720 11
1720 12
1720 13
1720 14
1720 15
1720 16
1720 17
1720 18
1720 19
1720 20
1720 21
1720 22
1720 23
1720 24
1720 25
1720 26
1720 27
1720 28
1720 29
1720 30
1720 31
1720 32
1720 33
1720 34
1720 35
1720 36
1720 37
1720 38
1720 39
1720 40
1720 41
1720 42
1720 43
1720 44
1720 45
1720 46
1720 47
1720 48
1720 49
1720 50
1720 51
1720 52
1720 53
1720 54
1720 55
1720 56
1720 57
1720 58
1720 59
1720 60
1720 61
1720 62
1720 63
1720 64
1720 65
1720 66
1720 67
1720 68
1720 69
1720 70
1720 71
1720 72
1720 73
1720 74
1720 75
1720 76
1720 77
1720 78
1720 79
1720 80
1720 81
1720 82
1720 83
1720 84
1720 85
1720 86
1720 87
1720 88
1720 89
1720 90
1720 91
1720 92
1720 93
1720 94
1720 95
1720 96
1771 0
1771 1
1771 2
1771 3
1771 4
1771 5
1771 6
1771 7
1771 8
1771 9
1771 10
1771 11
1771 12
1771 13
1771 14
1771 15
1771 16
1771 17
1771 18
1771 19
1771 20
1771 21
1771 22
1771 23
1771 24
1771 25
1771 26
1771 27
1771 28
1771 29
1771 30
1771 31
1771 32
1771 33
1771 34
1771 35
1771 36
1771 37
1771 38
1771 39
1771 40
1771 41
1771 42
1771 43
1771 44
1771 45
1771 46
1771 47
1771 48
1771 49
1771 50
1771 51
1771 52
1771 53
1771 54
1771 55
1771 56
1771 57
1771 58
1771 59
1771 60
1771 61
1771 62
1771 63
1771 64
1771 65
1771 66
1771 67
1771 68
1771 69
1771 70
1771 71
1771 72
1771 73
1771 74
1771 75
1771 76
1771 77
1771 78
1771 79
1771 80
1771 81
1771 82
1771 83
1771 84
1771 85
1771 86
1771 87
1771 88
1771 89
1771 90
1771 91
1771 92
1771 93
1771 94
1771 95
1771 96
1771 97
1771 98
1771 99
1771 100
1771 101
1771 102
1771 103
1771 104
1771 105
1771 106
1771 107
1771 108
1771 109
1771 110
1771 111
1771 112
1771 113
1771 114
1771 115
1771 116
1771 117
1771 118
1771 119
1771 120
1771 121
1771 122
1771 123
1771 124
1771 125
1771 126
1771 127
1771 128
1771 129
1771 130
1771 131
1771 132
1771 133
1771 134
1771 135
1771 136
1771 137
1771 138
1771 139
1771 140
1771 141
1771 142
1771 143
1771 144
1771 145
1771 146
1771 147
1771 148
1771 149
1771 150
1771 151
1771 152
1771 153
1771 154
1771 155
1771 156
1771 157
1771 158
1771 159
1771 160
1771 161
1771 162
1771 163
1771 164
1771 165
1771 166
1771 167
1771 168
1771 169
1771 170
1771 171
1771 172
1771 173
1771 174
1771 175
1771 176
1771 177
1771 178
1771 179
1771 180
1771 181
1771 182
1771 183
1771 184
1771 185
1771 186
1771 187
1771 188
1771 189
1771 190
1771 191
1771 192
1771 193
1771 194
1771 195
1771 196
1771 197
1771 198
1771 199
1771 200
1771 201
1771 202
1771 203
1771 204
1771 205
1771 206
1771 207
1771 208
1771 209
1771 210
1771 211
1771 212
1771 213
1771 214
1771 215
1771 216
1771 217
1771 218
1771 219
1771 220
1771 221
1771 222
1771 223
1771 224
1771 225
1771 226
1771 227
1771 228
1771 229
1771 230
1771 231
1771 232
1771 233
1771 234
1771 235
1771 236
1771 237
1771 238
1771 239
1771 240
1771 241
1771 242
1771 243
1771 244
1771 245
1771 246
1771 247
1771 248
1771 249
1771 250
1771 251
1771 252
1771 253
1771 254
1771 255
1771 256
1771 257
1771 258
1771 259
1771 260
1771 261
1771 262
1771 263
1771 264
1771 265
1771 266
1771 267
1771 268
1771 269
1771 270
1771 271
1771 272
1771 273
1771 274
1771 275
1771 276
1771 277
1771 278
1771 279
1771 280
1771 281
1771 282
1771 283
1771 284
1771 285
1771 286
1771 287
1771 288
1771 289
1771 290
1771 291
1771 292
1771 293
1771 294
1771 295
1771 296
1771 297
1771 298
1771 299
1771 300
1771 301
1771 302
1771 303
1771 304
1771 305
1771 306
1771 307
1771 308
1771 309
1771 310
1771 311
1771 312
1771 313
1771 314
1771 315
1771 316
1771 317
1771 318
1771 319
1771 320
1771 321
1771 322
1771 323
1771 324
1771 325
1771 326
1771 327
1771 328
1771 329
1771 330
1771 331
1771 332
1771 333
1771 334
1771 335
1771 336
1771 337
1771 338
1771 339
1771 340
1771 341
1771 342
1771 343
1771 344
1771 345
1771 346
1771 347
1771 348
1771 349
1771 350
1771 351
1771 352
1771 353
1771 354
1771 355
1771 356
1771 357
1771 358
1771 359
1771 360
1771 361
1771 362
1771 363
1771 364
1771 365
1771 366
1771 367
1771 368
1771 369
1771 370
1771 371
1771 372
1771 373
1771 374
1771 375
1771 376
1771 377
1771 378
1771 379
1771 380
1771 381
1771 382
1771 383
1771 384
1771 385
1771 386
1771 387
1771 388
1771 389
1771 390
1771 391
1771 392
1771 393
1771 394
1771 395
1771 396
1771 397
1771 398
1771 399
1771 400
1771 401
1771 402
1771 403
1771 404
1771 405
1771 406
1771 407
1771 408
1771 409
1771 410
1771 411
1771 412
1771 413
1771 414
1771 415
1771 416
1771 417
1771 418
1771 419
1771 420
1771 421
1771 422
1771 423
1771 424
1771 425
1771 426
1771 427
1771 428
1771 429
1771 430
1771 431
1771 432
1771 433
1771 434
1771 435
1771 436
1771 437
1771 438
1771 439
1771 440
1771 441
1771 442
1771 443
1771 444
1771 445
1771 446
1771 447
1771 448
1771 449
1771 450
1771 451
1771 452
1771 453
1771 454
1771 455
1771 456
1771 457
1771 458
1771 459
1771 460
1771 461
1771 462
1771 463
1771 464
1771 465
1771 466
1771 467
1771 468
1771 469
1771 470
1771 471
1771 472
1771 473
1771 474
1771 475
1771 476
1771 477
1771 478
1777 0
1777 1
1777 2
1777 3
1777 4
1777 5
1777 6
1777 7
1777 8
1777 9
1777 10
1777 11
1777 12
1777 13
1777 14
1777 15
1777 16
1777 17
1777 18
1777 19
1777 20
1777 21
1777 22
1777 23
1777 24
1777 25
1777 26
1777 27
1777 28
1777 29
1777 30
1777 31
1777 32
1777 33
1777 34
1777 35
1777 36
1777 37
1777 38
1777 39
1777 40
1777 41
1777 42
1777 43
1777 44
1777 45
1777 46
1777 47
1777 48
1777 49
1777 50
1777 51
1777 52
1777 53
1777 54
1777 55
1777 56
1777 57
1777 58
1777 59
1777 60
1777 61
1777 62
1777 63
1777 64
1777 65
1777 66
1777 67
1777 68
1777 69
1777 70
1777 71
1777 72
1777 73
1777 74
1777 75
1777 76
1777 77
1777 78
1777 79
1777 80
1777 81
1777 82
1777 83
1777 84
1777 85
1777 86
1777 87
1777 88
1777 89
1777 90
1777 91
1777 92
1777 93
1777 94
1777 95
1777 96
1777 97
1777 98
1777 99
1777 100
1777 101
1777 102
1777 103
1777 104
1777 105
1777 106
1777 107
1777 108
1777 109
1777 110
1777 111
1777 112
1777 113
1777 114
1777 115
1777 116
1777 117
1777 118
1777 119
1777 120
1777 121
1777 122
1777 123
1777 124
1777 125
1777 126
1777 127
1777 128
1777 129
1777 130
1777 131
1777 132
1777 133
1777 134
1777 135
1777 136
1777 137
1777 138
1777 139
1777 140
1777 141
1777 142
1777 143
1777 144
1777 145
1777 146
1777 147
1777 148
1777 149
1777 150
1777 151
1777 152
1777 153
1777 154
1777 155
1777 156
1777 157
1777 158
1777 159
1777 160
1777 161
1777 162
1777 163
1777 164
1777 165
1777 166
1777 167
1777 168
1777 169
1777 170
1777 171
1777 172
1777 173
1777 174
1777 175
1777 176
1777 177
1777 178
1777 179
1777 180
1777 181
1777 182
1777 183
1777 184
1777 185
1777 186
1777 187
1777 188
1777 189
1777 190
1777 191
1777 192
1777 193
1777 194
1777 195
1777 196
1777 197
1777 198
1777 199
1777 200
1777 201
1777 202
1777 203
1777 204
1777 205
1777 206
1777 207
1777 208
1777 209
1777 210
1777 211
1777 212
1777 213
1777 214
1777 215
1777 216
1777 217
1777 218
1777 219
1777 220
1777 221
1777 222
1777 223
1777 224
1777 225
1777 226
1777 227
1777 228
1858 0
1858 1
1858 2
1858 3
1858 4
1858 5
1858 6
1858 7
1858 8
1858 9
1858 10
1858 11
1858 12
1858 13
1858 14
1858 15
1858 16
1858 17
1858 18
1858 19
1858 20
1858 21
1858 22
1858 23
1858 24
1858 25
1858 26
1858 27
1858 28
1858 29
1858 30
1858 31
1858 32
1858 33
1858 34
1858 35
1858 36
1858 37
1858 38
1858 39
1858 40
1858 41
1858 42
1858 43
1858 44
1858 45
1858 46
1858 47
1858 48
1858 49
1858 50
1858 51
1858 52
1858 53
1858 54
1858 55
1858 56
1858 57
1858 58
1858 59
1858 60
1858 61
1858 62
1858 63
1858 64
1858 65
1858 66
1858 67
1858 68
1858 69
1858 70
1858 71
1858 72
1858 73
1858 74
1858 75
1858 76
1858 77
1858 78
1858 79
1858 80
1858 81
1858 82
1858 83
1858 84
1858 85
1858 86
1858 87
1858 88
1858 89
1858 90
1858 91
1858 92
1858 93
1858 94
1858 95
1858 96
1858 97
1858 98
1858 99
1858 100
1858 101
1858 102
1858 103
1858 104
1858 105
1858 106
1858 107
1858 108
1858 109
1858 110
1858 111
1858 112
1858 113
1858 114
1858 115
1858 116
1858 117
1858 118
1858 119
1858 120
1858 121
1858 122
1858 123
1858 124
1858 125
1858 126
1858 127
1858 128
1858 129
1858 130
1858 131
1858 132
1858 133
1858 134
1858 135
1858 136
1858 137
1858 138
1858 139
1858 140
1858 141
1858 142
1858 143
1858 144
1858 145
1858 146
1858 147
1858 148
1858 149
1858 150
1858 151
1858 152
1858 153
1858 154
1858 155
1858 156
1858 157
1858 158
1858 159
1858 160
1858 161
1858 162
1858 163
1858 164
1858 165
1858 166
1858 167
1858 168
1858 169
1858 170
1858 171
1858 172
1858 173
1858 174
1858 175
1858 176
1858 177
1858 178
1858 179
1858 180
1858 181
1858 182
1858 183
1858 184
1858 185
1858 186
1858 187
1858 188
1858 189
1858 190
1858 191
1858 192
1858 193
1858 194
1858 195
1858 196
1858 197
1858 198
1858 199
1858 200
1858 201
1858 202
1858 203
1858 204
1858 205
1858 206
1858 207
1858 208
1858 209
1858 210
1858 211
1858 212
1858 213
1858 214
1858 215
1858 216
1858 217
1858 218
1858 219
1858 220
1858 221
1858 222
1858 223
1858 224
1858 225
1858 226
1858 227
1858 228
1858 229
1858 230
1858 231
1858 232
1858 233
1858 234
1858 235
1858 236
1858 237
1858 238
1858 239
1858 240
1858 241
1858 242
1858 243
1858 244
1858 245
1858 246
1858 247
1858 248
1858 249
1858 250
1858 251
1858 252
1858 253
1858 254
1858 255
1858 256
1858 257
1858 258
1858 259
1858 260
1858 261
1858 262
1858 263
1858 264
1858 265
1858 266
1858 267
1858 268
1858 269
1858 270
1858 271
1858 272
1858 273
1858 274
1858 275
1858 276
1858 277
1858 278
1858 279
1858 280
1858 281
1858 282
1858 283
1858 284
1858 285
1858 286
1858 287
1858 288
1858 289
1858 290
1858 291
1858 292
1858 293
1858 294
1858 295
1858 296
1858 297
1858 298
1858 299
1858 300
1858 301
1858 302
1858 303
1858 304
1858 305
1858 306
1858 307
1858 308
1858 309
1858 310
1858 311
1858 312
1858 313
1858 314
1858 315
1858 316
1858 317
1858 318
1858 319
1858 320
1858 321
1858 322
1858 323
1858 324
1858 325
1858 326
1858 327
1858 328
1858 329
1858 330
1858 331
1858 332
1858 333
1858 334
1858 335
1858 336
1858 337
1858 338
1858 339
1858 340
1858 341
1858 342
1858 343
1858 344
1858 345
1858 346
1858 347
1858 348
1858 349
1858 350
1858 351
1858 352
1858 353
1858 354
1858 355
1858 356
1858 357
1858 358
1858 359
1858 360
1858 361
1858 362
1858 363
1858 364
1858 365
1858 366
1858 367
1858 368
1858 369
1858 370
1858 371
1858 372
1858 373
1858 374
1858 375
1858 376
1858 377
1858 378
1858 379
1858 380
1858 381
1858 382
1858 383
1858 384
1858 385
1858 386
1858 387
1858 388
1858 389
1858 390
1858 391
1858 392
1858 393
1858 394
1858 395
1858 396
1858 397
1858 398
1858 399
1858 400
1858 401
1858 402
1858 403
1858 404
1858 405
1858 406
1858 407
1858 408
1858 409
1858 410
1858 411
1858 412
1858 413
1858 414
1858 415
1858 416
1858 417
1858 418
1858 419
1858 420
1858 421
1858 422
1858 423
1858 424
1858 425
1858 426
1858 427
1858 428
1858 429
1858 430
1858 431
1858 432
1858 433
1858 434
1858 435
1858 436
1858 437
1858 438
1858 439
1858 440
1858 441
1858 442
1858 443
1858 444
1858 445
1858 446
1858 447
1858 448
1858 449
1858 450
1858 451
1858 452
1858 453
1858 454
1858 455
1858 456
1858 457
1858 458
1858 459
1858 460
1858 461
1858 462
1858 463
1858 464
1858 465
1858 466
1858 467
1858 468
1858 469
1858 470
1858 471
1858 472
1858 473
1858 474
1858 475
1858 476
1858 477
1858 478
1858 479
1858 480
1858 481
1858 482
1858 483
1858 484
1858 485
1858 486
1858 487
1858 488
1858 489
1858 490
1858 491
1858 492
1858 493
1858 494
1858 495
1858 496
1858 497
1858 498
1858 499
1858 500
1858 501
1858 502
1858 503
1858 504
1858 505
1858 506
1858 507
1858 508
1858 509
1858 510
1858 511
1858 512
1858 513
1858 514
1858 515
1858 516
1858 517
1858 519
1858 520
1858 521
1858 522
1858 523
1858 524
1858 525
1858 526
1858 527
1858 528
1858 529
1858 530
1858 531
1858 532
1858 533
1858 534
1858 535
1858 536
1858 537
1858 538
1858 539
1858 540
1858 541
1858 542
1858 543
1858 544
1858 545
1858 546
1858 547
1858 548
1858 549
1858 550
1858 551
1858 552
1858 553
1858 554
1858 555
1858 556
1858 557
1858 558
1858 559
1858 560
1858 561
1858 562
1858 563
1858 564
1858 565
1858 566
1858 567
1858 568
1858 569
1858 570
1858 571
1858 572
1858 573
1858 574
1858 575
1858 576
1858 577
1858 578
1858 579
1858 580
1858 581
1858 582
1858 583
1858 584
1858 585
1858 586
1858 587
1858 588
1858 589
1858 590
1858 591
1858 592
1858 593
1858 594
1858 595
1858 596
1858 597
1858 598
1858 599
1858 600
1858 601
1858 602
1858 603
1858 604
1858 605
1858 606
1858 607
1858 608
1858 609
1858 610
1858 611
1858 612
1858 613
1858 614
1858 615
1858 616
1858 617
1858 618
1858 619
1858 620
1858 621
1858 622
1858 623
1858 624
1858 625
1858 626
1858 627
1858 628
1858 629
1858 630
1858 631
1858 632
1858 633
1858 634
1858 635
1858 636
1858 637
1858 638
1858 639
1858 640
1858 641
1858 642
1858 643
1858 644
1858 645
1858 646
1858 647
1858 648
1858 649
1858 650
1858 651
1858 652
1858 653
1858 654
1858 655
1858 656
1858 657
1858 658
1858 659
1858 660
1858 661
1858 662
1858 663
1858 664
1858 665
1858 666
1858 667
1858 668
1858 669
1858 670
1858 671
1858 672
1858 673
1858 674
1858 675
1858 676
1858 677
1858 678
1858 679
1858 680
1858 681
1858 682
1858 683
1858 684
1858 685
1858 686
1858 687
1858 688
1858 689
1858 690
1858 691
1858 692
1858 693
1858 694
1858 695
1858 696
1858 697
1858 698
1858 699
1858 700
1858 701
1858 702
1858 703
1858 704
1858 705
1858 706
1858 707
1858 708
1858 709
1858 710
1858 711
1858 712
1858 713
1858 714
1858 715
1858 716
1858 717
1858 718
1858 719
1858 720
1858 721
1858 722
1858 723
1858 724
1858 725
1858 726
1858 727
1858 728
1858 729
1858 730
1858 731
1858 732
1858 733
1858 734
1858 735
1858 736
1858 737
1858 738
1858 739
1858 740
1858 741
1858 742
1858 743
1858 744
1858 745
1858 746
1858 747
1858 748
1858 749
1858 750
1858 751
1858 752
1858 753
1858 754
1858 755
1858 756
1858 757
1858 758
1858 759
1858 760
1858 761
1858 762
1858 763
1858 764
1858 765
1858 766
1858 767
1858 768
1858 769
1858 770
1858 771
1858 772
1858 773
1858 774
1858 775
1858 776
1858 777
1858 778
1858 779
1858 780
1858 781
1858 782
1858 783
1858 784
1858 785
1858 786
1858 787
1858 788
1858 789
1858 790
1858 791
1858 792
1858 793
1858 794
1858 795
1858 796
1858 797
1858 798
1858 799
1858 800
1858 801
1858 802
1858 803
1858 804
1858 805
1858 806
1858 807
1858 808
1858 809
1858 810
1858 811
1858 812
1858 813
1858 814
1858 815
1858 816
1858 817
1858 818
1858 819
1858 820
1858 821
1858 822
1858 823
1858 824
1858 825
1858 826
1858 827
1858 828
1858 829
1858 830
1858 831
1858 832
1858 833
1858 834
1858 835
1858 836
1858 837
1858 838
1858 839
1858 840
1858 841
1858 842
1858 843
1858 844
1858 845
1858 846
1858 847
1858 848
1858 849
1858 850
1858 851
1858 852
1858 853
1858 854
1858 855
1858 856
1858 857
1858 858
1858 859
1858 860
1858 861
1858 862
1858 863
1858 864
1858 865
1858 866
1858 867
1858 868
1858 869
1858 870
1858 871
1858 872
1858 873
1858 874
1858 876
1858 877
1858 878
1858 879
1858 880
1858 881
1858 882
1858 883
1858 884
1858 885
1858 886
1858 887
1858 888
1858 889
1858 890
1858 891
1858 892
1858 893
1858 894
1858 895
1858 896
1858 897
1858 898
1858 899
1858 900
1858 901
1858 902
1858 903
1858 904
1858 905
1858 906
1858 907
1858 908
1858 909
1858 910
1858 911
1858 912
1858 913
1858 914
1858 915
1858 916
1858 917
1858 918
1858 919
1858 920
1858 921
1858 922
1858 923
1858 924
1858 925
1858 926
1858 927
1858 928
1858 929
1858 930
1858 931
1858 932
1858 933
1858 934
1858 935
1858 936
1858 937
1858 938
1858 939
1858 940
1858 941
1858 942
1858 943
1858 944
1858 945
1858 946
1858 947
1858 948
1858 949
1858 950
1858 951
1858 952
1858 953
1858 954
1858 955
1858 956
1858 957
1858 958
1858 959
1858 960
1858 961
1858 962
1858 963
1858 964
1858 965
1858 966
1858 967
1858 968
1858 969
1858 970
1858 971
1858 972
1858 973
1858 974
1858 975
1858 976
1858 977
1858 978
1858 979
1858 980
1858 981
1858 982
1858 983
1858 984
1858 985
1858 986
1858 987
1858 988
1858 989
1858 990
1858 991
1858 992
1858 993
1858 994
1858 995
1858 996
1858 997
1859 0
1859 1
1859 2
1859 3
1859 4
1859 5
1859 6
1859 7
1859 8
1859 9
1859 10
1859 11
1859 12
1859 13
1859 14
1859 15
1859 16
1859 17
1859 18
1859 19
1859 20
1859 21
1859 22
1859 23
1859 24
1859 25
1859 26
1859 27
1859 28
1859 29
1859 30
1859 31
1859 32
1859 33
1859 34
1859 35
1859 36
1859 37
1859 38
1859 39
1859 40
1859 41
1859 42
1859 43
1859 44
1859 45
1859 46
1859 47
1859 48
1859 49
1859 50
1859 51
1859 52
1859 53
1859 54
1859 55
1859 56
1859 57
1859 58
1859 59
1859 60
1859 61
1859 62
1859 63
1859 64
1859 65
1859 66
1859 67
1859 68
1859 69
1859 70
1859 71
1859 72
1859 73
1859 74
1859 75
1859 76
1859 77
1859 78
1859 79
1859 80
1859 81
1859 82
1859 83
1859 84
1859 85
1859 86
1859 87
1859 88
1859 89
1859 90
1859 91
1859 92
1859 93
1859 94
1859 95
1859 96
1859 97
1859 98
1859 99
1859 100
1859 101
1859 102
1859 103
1859 104
1859 105
1859 106
1859 107
1859 108
1859 109
1859 110
1859 111
1859 112
1859 113
1859 114
1859 115
1859 116
1859 117
1859 118
1859 119
1859 120
1859 121
1859 122
1859 123
1859 124
1859 125
1859 126
1859 127
1859 128
1859 129
1859 130
1859 131
1859 132
1859 133
1859 134
1859 135
1859 136
1859 137
1859 138
1859 139
1859 140
1859 141
1859 142
1859 143
1859 144
1859 145
1859 146
1859 147
1859 148
1859 149
1859 150
1859 151
1859 152
1859 153
1859 154
1859 155
1859 156
1859 157
1859 158
1859 159
1859 160
1859 161
1859 162
1859 163
1859 164
1859 165
1859 166
1859 167
1859 168
1859 169
1859 170
1859 171
1859 172
1859 173
1859 174
1859 175
1859 176
1859 177
1859 178
1859 179
1859 180
1859 181
1859 182
1859 183
1859 184
1859 185
1859 186
1859 187
1859 188
1859 189
1859 190
1859 191
1859 192
1859 193
1859 194
1859 195
1859 196
1859 197
1859 198
1859 199
1859 200
1859 201
1859 202
1859 203
1859 204
1859 205
1859 206
1859 207
1859 208
1859 209
1859 210
1859 211
1859 212
1859 213
1859 214
1859 215
1859 216
1859 217
1859 218
1859 219
1859 220
1859 221
1859 222
1859 223
1859 224
1859 225
1859 226
1859 227
1859 228
1859 229
1859 230
1859 231
1859 232
1859 233
1859 234
1859 235
1859 236
1859 237
1859 238
1859 239
1859 240
1859 241
1859 242
1859 243
1859 244
1859 245
1859 246
1859 247
1859 248
1859 249
1859 250
1859 251
1859 252
1859 253
1859 254
1859 255
1859 256
1859 257
1859 258
1859 259
1859 260
1859 261
1859 262
1859 263
1859 264
1859 265
1859 266
1859 267
1859 268
1859 269
1859 270
1859 271
1859 272
1859 273
1859 274
1859 275
1859 276
1859 277
1859 278
1859 279
1859 280
1859 281
1859 282
1859 283
1859 284
1859 285
1859 286
1859 287
1859 288
1859 289
1859 290
1859 291
1859 292
1859 293
1859 294
1859 295
1859 296
1859 297
1859 298
1859 299
1859 300
1859 301
1859 302
1859 303
1859 304
1859 305
1859 306
1859 307
1859 308
1859 309
1859 310
1859 311
1859 312
1859 313
1859 314
1859 315
1859 316
1859 317
1859 318
1859 319
1859 320
1859 321
1859 322
1859 323
1859 324
1859 325
1859 326
1859 327
1859 328
1859 329
1859 330
1859 331
1859 332
1859 333
1859 334
1859 335
1859 336
1859 337
1859 338
1859 339
1859 340
1859 341
1859 342
1859 343
1859 344
1859 345
1859 346
1859 347
1859 348
1859 349
1859 350
1859 351
1859 352
1859 353
1859 354
1859 355
1859 356
1859 357
1859 358
1859 359
1859 360
1859 361
1859 362
1859 363
1859 364
1859 365
1859 366
1859 367
1859 368
1859 369
1859 370
1859 371
1859 372
1859 373
1859 374
1859 375
1859 376
1859 377
1859 378
1859 379
1859 380
1859 381
1859 382
1859 383
1859 384
1859 385
1859 386
1859 387
1859 388
1859 389
1859 390
1859 391
1859 392
1859 393
1859 394
1859 395
1859 396
1859 397
1859 398
1859 399
1859 400
1859 401
1859 402
1859 403
1859 404
1859 405
1859 406
1859 407
1859 408
1859 409
1859 410
1859 411
1859 412
1859 413
1859 414
1859 415
1859 416
1859 417
1859 418
1859 419
1859 420
1859 421
1859 422
1859 423
1859 424
1859 425
1859 426
1859 427
1859 428
1859 429
1859 430
1859 431
1859 432
1859 433
1859 434
1859 435
1859 436
1859 437
1859 438
1859 439
1859 440
1859 441
1859 442
1859 443
1859 444
1859 445
1859 446
1859 447
1859 448
1859 449
1859 450
1859 451
1859 452
1859 453
1859 454
1859 455
1859 456
1859 457
1859 458
1859 459
1859 460
1859 461
1859 462
1859 463
1859 464
1859 465
1859 466
1859 467
1859 468
1859 469
1859 470
1859 471
1859 472
1859 473
1859 474
1859 475
1859 476
1859 477
1859 478
1859 479
1859 480
1859 481
1859 482
1859 483
1859 484
1859 485
1859 486
1859 487
1859 488
1859 489
1859 490
1859 491
1859 492
1859 493
1859 494
1859 495
1859 496
1859 497
1859 498
1859 499
1859 500
1859 501
1859 502
1859 503
1859 504
1859 505
1859 506
1859 507
1859 508
1859 509
1859 510
1859 511
1859 512
1859 513
1859 514
1859 515
1859 516
1859 517
1859 518
1859 519
1859 520
1859 521
1859 522
1859 523
1859 524
1859 525
1859 526
1859 527
1859 528
1859 529
1859 530
1859 531
1859 532
1859 533
1859 534
1859 535
1859 536
1859 537
1859 538
1859 539
1859 540
1859 541
1859 542
1859 543
1859 544
1859 545
1859 546
1859 547
1859 548
1859 549
1859 550
1859 551
1859 552
1859 553
1859 554
1859 555
1859 556
1859 557
1859 558
1859 559
1859 560
1859 561
1859 562
1859 563
1859 564
1859 565
1859 566
1859 567
1859 568
1859 569
1859 570
1859 571
1859 572
1859 573
1859 574
1859 575
1859 576
1859 577
1859 578
1859 579
1859 580
1859 581
1859 582
1859 583
1859 584
1859 585
1859 586
1859 587
1859 588
1859 589
1859 590
1859 591
1859 592
1859 593
1859 594
1859 595
1859 596
1859 597
1859 598
1859 599
1859 600
1859 601
1859 602
1859 603
1859 604
1859 605
1859 606
1859 607
1859 608
1859 609
1859 610
1859 611
1859 612
1859 613
1859 614
1859 615
1859 616
1859 617
1859 618
1859 619
1859 620
1859 621
1859 622
1859 623
1859 624
1859 625
1859 626
1859 627
1859 628
1859 629
1859 630
1859 631
1859 632
1859 633
1859 634
1859 635
1859 636
1859 637
1859 638
1859 639
1859 640
1859 641
1859 642
1859 643
1859 644
1859 645
1859 646
1859 647
1859 648
1859 649
1859 650
1859 651
1859 652
1859 653
1859 654
1859 655
1859 656
1859 657
1859 658
1859 659
1859 660
1859 661
1859 662
1859 663
1859 664
1859 665
1859 666
1859 667
1859 668
1859 669
1859 670
1859 671
1859 672
1859 673
1859 674
1859 675
1859 676
1859 677
1859 678
1859 679
1859 680
1859 681
1859 682
1859 683
1859 684
1859 685
1859 686
1859 687
1859 688
1859 689
1859 690
1859 691
1859 692
1859 693
1859 694
1859 695
1859 696
1859 697
1859 698
1859 699
1859 700
1859 701
1859 702
1859 703
1859 704
1859 705
1859 706
1859 707
1859 708
1859 709
1859 710
1859 711
1859 712
1859 713
1859 714
1859 715
1859 716
1859 717
1859 718
1859 719
1859 720
1859 721
1859 722
1859 723
1859 724
1859 725
1859 726
1859 727
1859 728
1859 729
1859 730
1859 731
1859 732
1859 733
1859 734
1859 735
1859 736
1859 737
1859 738
1859 739
1859 740
1859 741
1859 742
1859 743
1859 744
1859 745
1859 746
1859 747
1859 748
1859 749
1859 750
1859 751
1859 752
1859 753
1859 754
1859 755
1859 756
1859 757
1859 758
1859 759
1859 760
1859 761
1859 762
1859 763
1859 764
1859 765
1859 766
1859 767
1859 768
1859 769
1859 770
1859 771
1859 772
1859 773
1859 774
1859 775
1859 776
1859 777
1859 778
1859 779
1859 780
1859 781
1859 782
1859 783
1859 784
1859 785
1859 786
1859 787
1859 788
1859 789
1859 790
1859 791
1859 792
1859 793
1859 794
1859 795
1859 796
1859 797
1859 798
1859 799
1859 800
1859 801
1859 802
1859 803
1859 804
1859 805
1859 806
1859 807
1859 808
1859 809
1859 810
1859 811
1859 812
1859 813
1859 814
1859 815
1859 816
1859 817
1859 818
1859 819
1859 820
1859 821
1859 822
1859 823
1859 824
1859 825
1859 826
1859 827
1859 828
1859 829
1859 830
1859 831
1859 832
1859 833
1859 834
1859 835
1859 836
1859 837
1859 838
1859 839
1859 840
1859 841
1859 842
1859 843
1859 844
1859 845
1859 846
1859 847
1859 848
1859 849
1859 850
1859 851
1859 852
1859 853
1859 854
1859 855
1859 856
1859 857
1859 858
1859 859
1859 860
1859 861
1859 862
1859 863
1859 864
1859 865
1859 866
1859 867
1859 868
1859 869
1859 870
1859 871
1859 872
1859 873
1859 874
1859 875
1859 876
1859 877
1859 878
1859 879
1859 880
1859 881
1859 882
1859 883
1859 884
1859 885
1859 886
1859 887
1859 888
1859 889
1859 890
1859 891
1859 892
1859 893
1859 894
1859 895
1859 896
1859 897
1859 898
1859 899
1859 900
1859 901
1859 902
1859 903
1859 904
1859 905
1859 906
1859 907
1859 908
1859 909
1859 910
1859 911
1859 912
1859 913
1859 914
1859 915
1859 916
1859 917
1859 918
1859 919
1859 920
1859 921
1859 922
1859 923
1859 924
1859 925
1859 926
1859 927
1859 928
1859 929
1859 930
1859 931
1859 932
1859 933
1859 934
1859 935
1859 936
1859 937
1859 938
1859 939
1859 940
1859 941
1859 942
1859 943
1859 944
1859 945
1859 946
1859 947
1859 948
1859 949
1859 950
1859 951
1859 952
1859 953
1859 955
1859 956
1859 957
1859 958
1859 959
1859 960
1859 961
1859 962
1859 963
1859 964
1859 965
1859 966
1859 967
1859 968
1859 969
1859 970
1859 971
1859 972
1859 973
1859 974
1859 975
1859 976
1859 977
1859 978
1859 979
1859 980
1859 981
1859 982
1859 983
1859 984
1859 985
1859 986
1859 987
1859 988
1859 989
1859 990
1859 991
1859 992
1859 993
1859 994
1859 995
1860 0
1860 1
1860 2
1860 3
1860 4
1860 5
1860 6
1860 7
1860 8
1860 9
1860 10
1860 11
1860 12
1860 13
1860 14
1860 15
1860 16
1860 17
1860 18
1860 19
1860 20
1860 21
1860 22
1860 24
1860 25
1860 26
1860 27
1860 28
1860 29
1860 30
1860 31
1860 32
1860 33
1860 34
1860 35
1860 36
1860 37
1860 38
1860 39
1860 40
1860 41
1860 42
1860 43
1860 44
1860 45
1860 46
1860 47
1860 48
1860 49
1860 50
1860 51
1860 52
1860 53
1860 54
1860 55
1860 56
1860 57
1860 58
1860 59
1860 60
1860 61
1860 62
1860 63
1860 64
1860 65
1860 66
1860 67
1860 68
1860 69
1860 70
1860 71
1860 72
1860 73
1860 74
1860 75
1860 76
1860 77
1860 78
1860 79
1860 80
1860 81
1860 82
1860 83
1860 84
1860 85
1860 86
1860 87
1860 88
1860 89
1860 90
1860 91
1860 92
1860 93
1860 94
1860 95
1860 96
1860 97
1860 98
1860 99
1860 100
1860 101
1860 102
1860 103
1860 104
1860 105
1860 106
1860 107
1860 108
1860 109
1860 110
1860 111
1860 112
1860 113
1860 114
1860 115
1860 116
1860 117
1860 118
1860 119
1860 120
1860 121
1860 122
1860 123
1860 124
1860 125
1860 126
1860 127
1860 128
1860 129
1860 130
1860 131
1860 132
1860 133
1860 134
1860 135
1860 136
1860 137
1860 138
1860 139
1860 140
1860 141
1860 142
1860 143
1860 144
1860 145
1860 146
1860 147
1860 148
1860 149
1860 150
1860 151
1860 152
1860 153
1860 154
1860 155
1860 156
1860 157
1860 158
1860 159
1860 160
1860 161
1860 162
1860 163
1860 164
1860 165
1860 166
1860 167
1860 168
1860 169
1860 170
1860 171
1860 172
1860 173
1860 174
1860 175
1860 176
1860 177
1860 178
1860 179
1860 180
1860 181
1860 182
1860 183
1860 184
1860 185
1860 186
1860 187
1860 188
1860 189
1860 190
1860 191
1860 192
1860 193
1860 194
1860 195
1860 196
1860 197
1860 198
1860 199
1860 200
1860 201
1860 202
1860 203
1860 204
1860 205
1860 206
1860 207
1860 208
1860 209
1860 210
1860 211
1860 212
1860 213
1860 214
1860 215
1860 216
1860 217
1860 218
1860 219
1860 220
1860 221
1860 222
1860 223
1860 224
1860 225
1860 226
1860 227
1860 228
1860 229
1860 230
1860 231
1860 232
1860 233
1860 234
1860 235
1860 236
1860 237
1860 238
1860 239
1860 240
1860 241
1860 242
1860 243
1860 244
1860 245
1860 246
1860 247
1860 248
1860 249
1860 250
1860 251
1860 252
1860 253
1860 254
1860 255
1860 256
1860 257
1860 258
1860 259
1860 260
1860 261
1860 262
1860 263
1860 264
1860 265
1860 266
1860 267
1860 268
1860 269
1860 270
1860 271
1860 272
1860 273
1860 274
1860 275
1860 276
1860 277
1860 278
1860 279
1860 280
1860 281
1860 282
1860 283
1860 284
1860 285
1860 286
1860 287
1860 288
1860 289
1860 290
1860 291
1860 292
1860 293
1860 294
1860 295
1860 296
1860 297
1860 298
1860 299
1860 300
1860 301
1860 302
1860 303
1860 304
1860 305
1860 306
1860 307
1860 308
1860 309
1860 310
1860 311
1860 312
1860 313
1860 314
1860 315
1860 316
1860 317
1860 318
1860 319
1860 320
1860 321
1860 322
1860 323
1860 324
1860 325
1860 326
1860 327
1860 328
1860 329
1860 330
1860 331
1860 332
1860 333
1860 334
1860 335
1860 336
1860 337
1860 338
1860 339
1860 340
1860 341
1860 342
1860 343
1860 344
1860 345
1860 346
1860 347
1860 348
1860 349
1860 350
1860 351
1860 352
1860 353
1860 354
1860 355
1860 356
1860 357
1860 358
1860 359
1860 360
1860 361
1860 362
1860 363
1860 364
1860 365
1860 366
1860 367
1860 368
1860 369
1860 370
1860 371
1860 372
1860 373
1860 374
1860 375
1860 376
1860 377
1860 378
1860 379
1860 380
1860 381
1860 382
1860 383
1860 384
1860 385
1860 386
1860 387
1860 388
1860 389
1860 390
1860 391
1860 392
1860 393
1860 394
1860 395
1860 396
1860 397
1860 398
1860 399
1860 400
1860 401
1860 402
1860 403
1860 404
1860 405
1860 406
1860 407
1860 408
1860 409
1860 410
1860 411
1860 412
1860 413
1860 414
1860 415
1860 416
1860 417
1860 418
1860 419
1860 420
1860 421
1860 422
1860 423
1860 424
1860 425
1860 426
1860 427
1860 428
1860 429
1860 430
1860 431
1860 432
1860 433
1860 434
1860 435
1860 436
1860 437
1860 438
1860 439
1860 440
1860 441
1860 442
1860 443
1860 444
1860 445
1860 446
1860 447
1860 448
1860 449
1860 450
1860 451
1860 452
1860 453
1860 454
1860 455
1860 456
1860 457
1860 458
1860 459
1860 460
1860 461
1860 462
1860 463
1860 464
1860 465
1860 466
1860 467
1860 468
1860 469
1860 470
1860 471
1860 472
1860 473
1860 474
1860 475
1860 476
1860 477
1860 478
1860 479
1860 480
1860 481
1860 482
1860 483
1860 484
1860 485
1860 486
1860 487
1860 488
1860 489
1860 490
1860 491
1860 492
1860 493
1860 494
1860 495
1860 496
1860 497
1860 498
1860 499
1860 500
1860 501
1860 502
1860 503
1860 504
1860 505
1860 506
1860 507
1860 508
1860 509
1860 510
1860 511
1860 512
1860 513
1860 514
1860 515
1860 516
1860 517
1860 518
1860 519
1860 520
1860 521
1860 522
1860 523
1860 524
1860 525
1860 526
1860 527
1860 528
1860 529
1860 530
1860 531
1860 532
1860 533
1860 534
1860 535
1860 536
1860 537
1860 538
1860 539
1860 540
1860 541
1860 542
1860 543
1860 544
1860 545
1860 546
1860 547
1860 548
1860 549
1860 550
1860 551
1860 552
1860 553
1860 554
1860 555
1860 556
1860 557
1860 558
1860 559
1860 560
1860 561
1860 562
1860 563
1860 564
1860 565
1860 566
1860 567
1860 568
1860 569
1860 570
1860 571
1860 572
1860 573
1860 574
1860 575
1860 576
1860 577
1860 578
1860 579
1860 580
1860 581
1860 582
1860 583
1860 584
1860 585
1860 586
1860 587
1860 588
1860 589
1860 590
1860 591
1860 592
1860 593
1860 594
1860 595
1860 596
1860 597
1860 598
1860 599
1860 600
1860 601
1860 602
1860 603
1860 604
1860 605
1860 606
1860 607
1860 608
1860 609
1860 610
1860 611
1860 612
1860 613
1860 614
1860 615
1860 616
1860 617
1860 618
1860 619
1860 620
1860 621
1860 622
1860 623
1860 624
1860 625
1860 626
1860 627
1860 628
1860 629
1860 630
1860 631
1860 632
1860 633
1860 634
1860 635
1860 636
1860 637
1860 638
1860 639
1860 640
1860 641
1860 642
1860 643
1860 644
1860 645
1860 646
1860 647
1860 648
1860 649
1860 650
1860 651
1860 652
1860 653
1860 654
1860 655
1860 656
1860 657
1860 658
1860 659
1860 660
1860 661
1860 662
1860 663
1860 664
1860 665
1860 666
1860 667
1860 668
1860 669
1860 670
1860 671
1860 672
1860 673
1860 674
1860 675
1860 676
1860 677
1860 678
1860 679
1860 680
1860 681
1860 682
1860 683
1860 684
1860 685
1860 686
1860 687
1860 688
1860 689
1860 690
1860 691
1860 692
1860 693
1860 694
1860 695
1860 696
1860 697
1860 698
1860 699
1860 700
1860 701
1860 702
1860 703
1860 704
1860 705
1860 706
1860 707
1860 708
1860 709
1860 710
1860 711
1860 712
1860 713
1860 714
1860 715
1860 716
1860 717
1860 718
1860 719
1860 720
1860 721
1860 722
1860 723
1860 724
1860 725
1860 726
1860 727
1860 728
1860 729
1860 730
1860 731
1860 732
1860 733
1860 734
1860 735
1860 736
1860 737
1860 738
1860 739
1860 740
1860 741
1860 742
1860 743
1860 744
1860 745
1860 746
1860 747
1860 748
1860 749
1860 751
1860 752
1860 753
1860 754
1860 755
1860 756
1860 757
1860 758
1860 759
1860 760
1860 761
1860 762
1860 763
1860 764
1860 765
1860 766
1860 767
1860 768
1860 769
1860 770
1860 771
1860 772
1860 773
1860 774
1860 775
1860 776
1860 777
1860 778
1860 779
1860 780
1860 781
1860 782
1860 783
1860 784
1860 785
1860 786
1860 787
1860 788
1860 789
1860 790
1860 791
1860 792
1860 793
1860 794
1860 795
1860 796
1860 797
1860 798
1860 799
1860 800
1860 801
1860 802
1860 803
1860 804
1860 805
1860 806
1860 807
1860 808
1860 809
1860 810
1860 811
1860 812
1860 813
1860 814
1860 815
1860 816
1860 817
1860 818
1860 819
1860 820
1860 821
1860 822
1860 823
1860 824
1860 825
1860 826
1860 827
1860 828
1860 829
1860 830
1860 831
1860 832
1860 833
1860 834
1860 835
1860 836
1860 837
1860 838
1860 839
1860 840
1860 841
1860 842
1860 843
1860 844
1860 845
1860 846
1860 847
1860 848
1860 849
1860 850
1860 851
1860 852
1860 853
1860 854
1860 855
1860 856
1860 857
1860 858
1860 859
1860 860
1860 861
1860 862
1860 863
1860 864
1860 865
1860 866
1860 867
1860 868
1860 869
1860 870
1860 871
1860 872
1860 873
1860 874
1860 875
1860 876
1860 877
1860 878
1860 879
1860 880
1860 881
1860 882
1860 883
1860 884
1860 885
1860 886
1860 887
1860 888
1860 889
1860 890
1860 891
1860 892
1860 893
1860 894
1860 895
1860 896
1860 897
1860 898
1860 899
1860 900
1860 901
1860 902
1860 903
1860 904
1860 905
1860 906
1860 907
1860 908
1860 909
1860 910
1860 911
1860 912
1860 913
1860 914
1860 915
1860 916
1860 917
1860 918
1860 919
1860 920
1860 921
1860 922
1860 923
1860 924
1860 925
1860 926
1860 927
1860 928
1860 929
1860 930
1860 931
1860 932
1860 933
1860 934
1860 935
1860 936
1860 937
1860 938
1860 939
1860 940
1860 941
1860 942
1860 943
1860 944
1860 945
1860 946
1860 947
1860 948
1860 949
1860 950
1860 951
1860 952
1860 953
1860 954
1860 955
1860 956
1860 957
1860 958
1860 959
1860 960
1860 961
1860 962
1860 963
1860 964
1860 965
1860 966
1860 967
1860 968
1860 969
1860 970
1860 971
1860 972
1860 973
1860 974
1860 975
1860 976
1860 977
1860 978
1860 979
1860 980
1860 981
1860 982
1860 983
1860 984
1860 985
1860 986
1860 987
1860 988
1860 989
1860 990
1860 991
1860 992
1860 993
1860 994
1860 995
1860 996
1860 997
1860 998
1860 999
